1	1
1	3
1	4
1	5
1	8
1	9
1	10
1	11
1	13
1	14
1	15
1	20
1	21
1	22
1	25
1	27
1	30
1	33
1	35
1	36
1	41
1	42
1	47
1	58
1	60
1	63
1	65
1	66
1	69
1	74
1	75
1	80
1	84
1	88
1	99
1	101
1	105
1	112
1	135
1	137
1	144
1	155
1	160
1	162
1	167
1	169
1	188
1	212
1	234
1	252
1	253
1	255
1	258
1	334
1	342
1	344
1	348
1	365
1	438
1	460
1	536
1	571
1	655
1	666
1	804
1	818
1	864
1	870
1	890
1	954
1	966
1	1024
1	1043
1	1063
1	1181
1	1187
1	1228
1	1268
1	1304
1	1678
1	2170
1	2222
1	2741
1	2835
1	2946
1	3058
1	3341
1	3453
1	3523
1	3589
1	3684
1	3723
1	4376
1	4554
1	4640
1	4677
1	4734
1	4824
1	4895
1	4896
1	5172
1	5255
1	5411
1	5412
1	5448
1	5569
1	5601
1	5635
1	5691
1	5698
1	5817
1	5887
1	5922
1	5923
1	5925
1	6022
1	6056
1	6144
1	6148
1	6201
1	6324
1	6329
1	6714
1	6755
1	7091
1	7838
1	9812
1	9819
1	9824
1	11440
1	11542
1	11924
1	11934
1	11950
1	12835
1	14087
1	14096
1	14108
1	14118
2	2
2	3
2	6
2	8
2	9
2	10
2	13
2	15
2	16
2	20
2	24
2	25
2	35
2	36
2	40
2	44
2	46
2	53
2	61
2	63
2	64
2	68
2	74
2	75
2	81
2	83
2	91
2	93
2	112
2	119
2	131
2	144
2	154
2	169
2	173
2	201
2	206
2	224
2	234
2	236
2	252
2	286
2	345
2	354
2	361
2	363
2	415
2	447
2	458
2	459
2	460
2	531
2	692
2	705
2	857
2	864
2	882
2	886
2	993
2	1043
2	1063
2	1102
2	1212
2	1299
2	1345
2	1346
2	1909
2	1931
2	2047
2	2163
2	2412
2	2430
2	2553
2	2554
2	2702
2	2839
2	2984
2	2987
2	2988
2	2992
2	3082
2	3125
2	3127
2	3175
2	3287
2	3373
2	3406
2	3511
2	3512
2	3541
2	3785
2	3838
2	4030
2	4133
2	4312
2	4352
2	4419
2	4640
2	4681
2	4702
2	4734
2	4752
2	4807
2	4823
2	4846
2	4877
2	4882
2	4919
2	5172
2	5336
2	5378
2	5686
2	5691
2	5696
2	5820
2	5890
2	5894
2	5899
2	5928
2	5929
2	5983
2	5993
2	6112
2	6113
2	6397
2	9332
2	11436
2	11472
3	4
3	6
3	8
3	11
3	14
3	20
3	22
3	24
3	33
3	36
3	60
3	71
3	80
3	84
3	88
3	99
3	111
3	135
3	143
3	162
3	167
3	236
3	248
3	258
3	334
3	349
3	399
3	441
3	455
3	479
3	577
3	655
3	693
3	709
3	804
3	818
3	954
3	969
3	1179
3	1181
3	1929
3	2051
3	2170
3	2835
3	2946
3	3232
3	3340
3	3912
3	4236
3	4246
3	4281
3	4554
3	4631
3	5445
3	5577
3	5635
3	5748
3	5751
3	5754
3	5758
3	5760
3	5763
3	5778
3	6002
3	6144
3	6755
3	7335
3	11638
3	11924
3	14090
3	14099
4	1
4	3
4	30
4	7490
5	1
5	6
5	11
5	80
5	129
5	1641
5	3741
5	4039
5	5585
6	5
6	11
6	14
6	22
6	24
6	26
6	33
6	64
6	80
6	88
6	111
6	143
6	199
6	236
6	334
6	343
6	441
6	445
6	577
6	685
6	966
6	1236
6	1268
6	2637
6	2652
6	3082
6	3287
6	3340
6	3341
6	3912
6	4133
6	4181
6	4281
6	4631
6	5379
6	5744
6	5746
6	5750
6	5753
6	5756
6	5759
6	5762
6	5765
6	6010
6	11437
6	14463
7	1
7	6
7	11
7	14
7	16
7	27
7	28
7	36
7	80
7	125
7	237
7	295
7	500
7	2191
7	5585
7	5840
7	6258
7	6635
7	14818
7	14819
8	2
8	8
8	1284
8	5841
9	1
9	2
9	4
9	5
9	8
9	15
9	35
9	46
9	73
9	74
9	80
9	103
9	112
9	117
9	147
9	236
9	277
9	718
9	1112
9	3082
9	3287
9	4133
9	4188
9	4454
9	5765
9	5925
10	1
10	4
10	5
10	8
10	9
10	11
10	13
10	20
10	24
10	36
10	40
10	54
10	91
10	100
10	138
10	141
10	154
10	229
10	512
10	527
10	531
10	1063
10	3112
10	6255
10	11949
10	14120
11	8
11	9
11	10
11	22
11	68
11	119
11	139
11	1909
11	3722
11	3981
11	5516
11	5604
11	5935
11	6640
12	6250
13	1
13	2
13	9
13	64
13	73
13	106
13	108
13	119
13	147
13	242
13	253
13	262
13	295
13	385
13	3722
14	1
14	8
14	9
14	22
14	63
14	64
14	108
14	1596
14	5890
14	5894
14	5899
15	8
15	75
16	122
16	1352
17	1
17	5546
19	1
19	2
19	11
19	21
19	73
19	84
19	828
19	1037
19	1079
19	1137
19	1152
19	1733
19	2059
19	2463
19	2967
19	4156
19	4157
19	4158
19	4160
19	4340
19	4425
19	4545
19	4728
19	5198
19	5199
19	5302
19	5312
19	5523
19	5778
19	5802
19	5804
19	5814
19	6199
19	6245
19	11542
20	8
20	119
20	147
21	155
21	212
22	1
22	4
22	5
22	8
22	9
22	11
22	20
22	24
22	36
22	74
22	251
22	3340
22	3589
22	3981
22	6203
22	6762
22	11437
24	8
24	9
24	10
24	22
24	83
24	139
24	624
24	2297
24	2714
24	2727
24	3341
24	3939
24	4256
24	4341
24	5135
24	6250
24	6442
25	1
25	5
25	8
25	9
25	10
25	13
25	20
25	26
25	64
25	77
25	80
25	119
25	217
25	415
25	624
25	2987
25	3287
25	3541
25	5167
25	5569
25	5672
25	5928
25	5929
25	6112
25	9332
25	12989
26	25
26	36
26	141
26	166
26	233
26	302
26	671
26	957
26	1179
26	1250
26	1267
26	3465
26	4462
26	5527
26	5528
26	5539
26	5946
26	6102
27	1
27	125
28	3
28	30
28	122
28	244
28	6324
29	4
29	15
29	52
29	80
29	167
29	6040
30	28
30	237
30	500
30	14818
32	28
32	237
32	500
32	14818
33	13
33	20
33	24
33	5993
35	8
35	9
35	44
35	96
35	201
36	11
36	22
37	4
37	8
37	9
37	10
37	11
37	13
37	14
37	20
37	65
37	80
37	101
37	143
37	1242
37	1259
37	2412
37	3838
37	5596
37	5598
39	13
39	21
39	39
39	2967
41	8
41	9
41	10
41	11
41	13
41	20
41	133
41	886
41	1092
41	1212
41	3341
42	8
42	9
42	30
42	91
42	122
42	1352
43	9
43	15
43	229
43	4631
43	4738
43	5893
43	5898
44	1
44	9
44	13
44	35
44	46
44	58
44	96
44	1304
44	3794
44	4895
44	5922
46	8
46	13
46	15
46	35
46	46
46	112
47	10
47	13
47	20
47	1142
47	1931
47	2727
49	8
49	9
49	11
49	13
49	14
49	20
49	25
49	27
49	35
49	36
49	99
49	438
49	2984
49	3082
49	3406
49	3794
49	4823
49	5840
49	6113
52	15
52	1290
52	4847
52	4855
52	4878
52	6126
55	8
55	112
58	4
58	8
58	9
58	11
58	80
58	234
58	4734
59	13
59	224
61	9
61	13
61	16
61	255
62	13
62	20
62	2163
63	9
63	13
63	14
63	46
63	55
63	75
63	112
63	269
63	354
63	447
63	513
63	3785
63	4121
63	4352
63	11435
64	3
64	8
64	9
64	13
64	20
64	22
64	25
64	63
64	108
64	144
64	169
64	352
64	4640
64	11355
65	1
65	13
65	20
65	78
65	661
65	2553
65	5820
66	13
66	21
66	4156
66	4157
66	4158
66	4160
66	4432
66	4728
68	22
68	117
68	5125
68	13378
71	4
71	60
71	162
73	13
73	20
73	2430
74	9
74	1269
74	4631
75	8
75	9
75	13
75	15
75	25
75	29
75	43
75	46
75	63
75	354
75	447
75	3785
77	9
77	11
77	134
77	327
78	13
78	20
78	3512
79	13
79	20
79	25
79	166
79	3511
80	1
80	3
80	6
80	7
80	11
80	27
80	33
80	94
80	97
80	129
80	343
80	1563
80	1641
80	3741
80	4039
80	5778
80	7490
80	14818
81	104
81	354
81	447
81	3785
82	13
82	20
82	25
82	1179
82	2839
83	10
83	1209
84	1
84	4
84	5
84	33
84	80
84	1548
84	3589
85	8
85	15
85	25
85	104
85	112
85	231
85	279
85	352
85	354
87	120
88	30
88	126
88	244
92	5
92	80
92	85
92	1236
93	4
93	5
93	13
93	55
93	80
93	111
93	513
93	3892
96	1
96	35
96	1222
96	2492
96	3862
96	4615
97	8
97	9
97	13
97	20
97	55
97	112
97	302
97	957
97	3125
97	4352
99	13
99	20
99	864
101	4
101	8
101	9
101	11
101	14
101	80
101	143
101	234
101	2972
101	9332
103	13
103	29
104	8
104	81
105	8
105	15
105	106
105	119
106	1
106	1168
109	11
109	68
109	100
109	138
109	6006
110	35
110	3862
112	8
112	63
116	4
116	5
116	8
116	80
116	93
116	577
117	1
117	20
117	119
117	199
117	1168
117	5382
117	12215
118	4
118	5
118	11
118	68
118	80
118	85
118	111
118	117
118	231
118	236
118	279
118	3506
118	11437
120	13
120	20
120	4681
123	13
123	20
123	25
123	233
123	2047
125	126
125	244
125	399
126	1
126	125
128	55
128	6138
128	6139
129	13
129	341
129	448
129	4432
129	4574
129	5859
129	11356
130	4
130	9
130	35
130	80
130	119
130	262
130	655
130	3794
130	4734
131	13
131	39
133	8
133	9
133	993
134	10
134	170
134	315
134	2714
135	13
135	20
135	21
135	1152
135	2988
138	10
138	22
138	139
139	11
139	100
139	138
141	11
141	101
141	966
141	4424
143	5
143	16
143	65
143	101
143	364
143	440
143	445
143	966
144	8
144	35
144	119
144	242
146	1371
146	2734
148	4
148	5
148	13
148	20
148	80
148	2702
148	3912
149	1
149	4
149	5
149	11
149	22
149	36
149	80
149	122
153	14
153	253
155	73
155	4144
156	13
156	251
156	5809
156	13425
158	1
158	24
158	36
158	311
158	417
161	26
161	5167
163	13
163	5983
169	9
169	327
169	438
170	147
170	4188
173	4
173	11
173	229
173	685
173	693
177	1755
177	5330
177	5717
183	13
183	20
183	25
183	141
183	2554
188	13
188	20
188	2992
195	55
195	5681
195	6062
196	13
196	4030
197	4
197	8
197	80
197	236
197	3232
199	231
201	13
201	46
206	8
206	131
206	342
217	8
217	9
217	692
222	11
222	84
224	8
224	53
226	4
226	71
226	80
229	10
229	13
229	20
229	173
229	1209
229	3939
229	4688
229	6022
229	6025
229	6251
229	6252
229	6253
234	8
234	9
234	58
234	101
234	3294
234	4376
234	4734
234	5928
235	13
235	341
236	1159
239	8
239	705
244	88
244	399
248	11
248	4424
249	13
249	20
249	154
251	1
251	22
251	25
251	108
251	254
251	11355
252	8
252	9
252	252
254	1
254	4
254	11
254	80
254	166
254	1179
255	8
255	61
256	4
256	22
256	80
257	8
257	345
263	4
263	5
263	8
263	80
263	441
263	1102
269	55
269	3892
269	5980
275	636
277	8
277	103
277	208
277	277
281	8
281	15
281	104
281	112
281	447
281	7836
283	33
283	97
286	13
286	39
288	8
288	9
288	11
288	25
288	36
288	83
288	169
288	1563
288	4419
293	208
311	1
311	5
311	11
311	26
311	80
311	417
311	5379
315	170
315	750
320	33
320	94
320	97
320	343
320	1755
320	5824
327	13
327	20
327	3406
337	27
337	295
337	438
341	13
341	448
342	5
342	33
342	80
342	94
342	97
342	343
343	8
343	15
343	35
343	112
343	342
343	3723
344	55
344	5980
345	5
345	11
345	80
345	199
347	13
347	20
347	40
348	105
348	4851
348	5888
348	5897
350	165
354	111
354	118
360	8
360	206
361	8
361	35
361	286
361	342
362	8
362	361
363	8
363	459
364	8
364	363
365	8
365	16
365	101
365	364
365	1346
369	103
369	718
388	10
388	5135
390	4
390	80
390	88
390	126
390	399
407	13
407	20
407	25
407	671
407	3127
407	3465
416	13
416	269
430	1
430	931
430	3741
432	4
432	709
437	25
437	77
437	624
437	1250
440	5
440	80
440	143
441	1
441	5
441	80
441	3082
441	3340
445	80
445	101
445	234
445	4376
447	111
447	279
448	13
448	11356
455	3
455	13
458	13
458	14
458	39
458	460
459	13
459	39
460	13
460	365
463	1
463	78
463	3506
469	4
469	80
469	84
479	6762
490	8
490	9
490	531
493	5
493	8
493	80
493	2637
493	2652
493	3175
498	8
498	277
498	718
506	302
506	5528
522	5
522	13
522	20
522	864
522	966
544	1
544	6
544	11
544	80
544	5585
555	4
555	5
555	80
555	334
568	1
568	13
568	921
570	55
570	6062
577	4
577	80
577	258
579	4
579	10
579	248
579	4424
579	5118
579	5119
582	10
582	5598
597	4
597	3232
606	302
606	5527
611	15
611	4847
624	8
624	4133
630	10
630	4424
631	1
631	74
631	197
632	5831
636	9
636	13
636	96
637	4
637	80
637	954
638	13
638	20
638	173
655	13
655	20
655	25
655	119
655	144
655	385
666	680
668	1172
668	5345
673	84
673	118
677	13
677	39
680	8
680	9
680	11
680	47
680	4877
692	8
692	9
692	4877
694	15
694	4855
704	7
704	27
705	8
705	112
705	342
705	458
718	8
718	369
718	718
729	12452
748	5778
748	14818
780	5659
787	13
787	20
787	21
787	2839
787	4545
794	615
794	1096
811	11
811	5627
826	1
826	11
826	79
831	864
831	1678
842	2097
856	21
856	2967
857	3
857	13
857	20
857	25
860	4
860	80
860	135
860	1929
882	8
882	10
885	22
885	68
885	5817
890	9
890	890
900	6
900	22
900	4039
900	5125
916	24
916	3112
921	8
921	9
921	415
931	14
931	1024
944	1
944	2637
979	33
979	94
979	97
979	343
979	5688
979	5824
988	9
988	160
993	8
993	9
993	4702
993	4846
993	4882
1024	1
1024	1051
1033	10
1033	5118
1037	8
1037	9
1037	1909
1050	4
1050	5
1050	8
1050	9
1050	80
1050	1212
1050	4631
1051	11
1051	21
1051	2463
1051	3263
1063	10
1063	11
1063	1092
1079	1
1079	2191
1081	8
1081	68
1092	1037
1092	4425
1094	111
1094	577
1097	8
1097	15
1097	104
1097	112
1097	3785
1099	111
1099	424
1100	25
1100	1267
1101	3291
1102	9
1102	188
1103	11
1103	105
1103	119
1103	295
1134	13
1134	882
1137	170
1137	315
1137	750
1149	4
1149	80
1149	1181
1149	1259
1153	9
1153	69
1157	4
1157	5
1157	80
1157	4281
1165	5
1165	80
1165	3287
1172	5
1172	80
1172	1236
1172	5345
1177	9
1177	92
1177	137
1179	11
1179	3765
1185	2
1185	13
1185	119
1185	253
1185	857
1185	3722
1185	5841
1187	13
1187	4121
1188	4
1188	349
1190	15
1190	1290
1197	11
1197	6224
1204	2
1204	1284
1209	11
1209	229
1209	685
1209	5744
1209	5746
1209	5750
1209	5753
1209	5756
1209	5759
1209	5762
1212	8
1212	9
1212	692
1228	13
1228	35
1229	21
1229	4340
1230	13
1230	13425
1242	14
1242	143
1242	2972
1250	5
1250	80
1250	4133
1269	9
1269	251
1271	5
1271	685
1281	13
1281	1299
1300	1
1300	20
1300	921
1300	4807
1302	1
1302	11
1302	3506
1304	14
1304	1268
1326	94
1326	1755
1344	8
1344	1345
1346	8
1346	15
1346	342
1346	460
1352	1
1352	16
1352	101
1352	237
1352	364
1352	440
1352	500
1352	6258
1352	14819
1358	4
1358	5
1358	80
1358	88
1384	1
1384	1596
1417	11
1417	1563
1449	242
1449	1978
1528	9
1528	20
1528	33
1528	5172
1528	5688
1635	13
1635	20
1635	886
1636	13
1636	20
1636	2163
1637	13
1637	20
1637	6113
1638	13
1638	20
1638	2984
1639	13
1639	20
1639	3125
1640	13
1640	20
1640	6112
1641	13
1641	20
1641	2987
1642	13
1642	20
1642	2412
1643	13
1643	20
1643	2988
1644	13
1644	20
1644	3127
1645	13
1645	20
1645	2047
1646	13
1646	20
1646	1931
1647	13
1647	20
1647	2430
1647	5336
1648	13
1648	20
1648	3511
1649	13
1649	20
1649	2702
1650	13
1650	20
1650	2553
1651	13
1651	20
1651	2992
1652	13
1652	20
1652	3512
1653	13
1653	20
1653	2554
1693	11
1693	5578
1708	1
1708	16
1708	237
1708	500
1708	6258
1708	14819
1817	1755
1817	5330
1817	5717
1909	120
1929	4
1929	80
1929	135
1977	242
1977	1978
2051	11
2051	1242
2066	12453
2191	32
2191	80
2220	14
2220	3453
2315	1
2315	2582
2315	11811
2378	302
2378	6102
2411	3058
2430	101
2430	3294
2442	21
2442	6199
2457	4
2457	969
2463	4
2463	80
2463	5778
2469	21
2469	5778
2470	5830
2492	35
2492	2492
2504	1
2504	24
2504	141
2504	2631
2553	9
2553	5173
2565	8
2565	9
2565	1043
2576	4
2576	80
2576	11924
2637	1
2637	230
2647	5935
2656	13
2656	20
2656	1063
2670	4
2670	80
2670	818
2686	15
2686	6126
2730	5817
2739	2
2739	13
2739	119
2739	2741
2741	4896
2743	3800
2743	11475
2798	11
2798	26
2798	3167
2798	5672
2909	4
2909	80
2909	14099
2939	10
2939	5119
2972	4
2972	80
2972	2051
2987	6
2987	1641
2987	3741
2999	41
2999	5887
3063	5601
3063	6201
3090	1
3090	8
3090	9
3090	64
3090	119
3090	3838
3175	9
3175	1269
3227	11
3227	5636
3240	6635
3263	11
3263	73
3263	1079
3263	5198
3283	10
3283	6442
3356	1
3356	4309
3360	9
3360	870
3406	62
3406	122
3453	11
3453	3589
3479	1
3479	445
3492	8
3492	9
3492	13
3492	55
3492	112
3492	4352
3506	1
3506	78
3506	661
3541	8
3541	9
3541	3541
3543	9
3543	348
3546	9
3546	137
3561	6143
3638	13
3638	20
3638	4312
3657	11
3657	13
3657	5818
3657	13309
3687	10
3687	2297
3688	54
3688	229
3741	5
3741	5765
3793	1
3793	5546
3794	20
3794	122
3798	3633
3803	10
3803	4341
3838	101
3838	4376
3862	110
3862	5869
3880	66
3880	3523
3883	4896
3892	9
3892	344
3939	11
3939	229
3939	5744
3943	5
3943	14
3943	3341
3972	4
3972	5
3972	80
3972	3340
4006	9
4006	137
4039	1
4039	141
4046	15
4046	6040
4085	615
4085	1096
4115	1
4115	4324
4121	55
4121	6024
4121	6025
4146	11
4146	13
4146	5809
4146	5818
4184	1
4184	5854
4232	342
4232	3723
4250	3800
4250	11475
4256	13
4256	43
4272	1
4272	5
4272	141
4272	4181
4272	6010
4302	108
4302	119
4302	1302
4327	13
4327	1081
4332	117
4332	255
4332	4454
4332	4732
4352	11
4352	1134
4376	8
4376	9
4376	25
4376	4640
4390	25
4390	5539
4411	1
4411	4
4411	80
4411	2631
4411	4236
4419	83
4419	6250
4421	25
4421	42
4421	666
4421	4462
4431	2222
4454	5
4454	1268
4478	1
4478	9
4478	74
4478	1112
4478	1187
4489	73
4489	4144
4494	9
4494	1228
4501	13
4501	43
4537	35
4537	4615
4556	8
4556	4752
4575	11
4575	5411
4575	5412
4618	5
4618	5744
4619	5
4619	5753
4620	5
4620	5750
4633	5
4633	5762
4640	8
4640	9
4640	3373
4652	15
4652	105
4652	4688
4652	4824
4652	4932
4652	6022
4666	1
4666	64
4666	1267
4666	5569
4677	8
4677	9
4677	101
4677	4734
4688	5
4688	229
4688	4738
4688	5759
4700	8
4700	9
4700	4846
4702	105
4702	4851
4706	6329
4735	13
4735	20
4735	4681
4738	33
4738	6022
4751	8
4751	9
4751	11
4751	3373
4751	4823
4752	13
4752	1081
4807	13
4807	921
4819	15
4819	4878
4823	122
4823	4677
4824	15
4824	4932
4832	3576
4832	4628
4832	11903
4846	105
4846	5888
4851	15
4851	5893
4874	1
4874	5925
4877	8
4877	9
4877	4882
4882	105
4882	5897
4895	13
4895	536
4895	3684
4895	5925
4895	6148
4896	4916
4916	4677
4916	5569
4919	55
4919	6024
4927	55
4927	6138
4932	8
4932	4919
5125	22
5125	68
5125	6006
5130	4
5130	80
5130	2835
5172	9
5172	5173
5196	1733
5196	5198
5196	5199
5196	5312
5197	1733
5197	5198
5197	5199
5197	5312
5200	11
5200	5800
5223	4
5223	11
5223	229
5223	5758
5223	5759
5239	5516
5254	9
5254	5255
5301	21
5301	5302
5335	9
5335	13
5335	20
5335	5336
5335	5691
5338	10
5338	5596
5345	8
5345	231
5345	279
5345	5378
5378	111
5378	118
5379	11
5379	26
5382	85
5382	117
5382	231
5382	279
5382	13378
5427	11
5427	13
5427	13309
5444	4
5444	5445
5445	4
5445	80
5445	4554
5447	5448
5450	1
5450	5460
5522	21
5522	5523
5552	6250
5576	4
5576	5577
5578	5604
5600	5601
5600	6201
5634	4
5634	80
5634	5635
5635	5832
5665	4
5665	99
5673	55
5673	5681
5686	8
5686	5696
5691	5692
5691	5694
5692	212
5692	5698
5693	5692
5693	5694
5694	5693
5694	11433
5697	13
5697	5686
5745	4
5745	11
5745	229
5745	4246
5745	5746
5747	5
5747	5746
5749	4
5749	11
5749	229
5749	5748
5749	5750
5752	4
5752	11
5752	229
5752	5751
5752	5753
5755	4
5755	11
5755	229
5755	5754
5755	5756
5757	5
5757	5756
5761	4
5761	11
5761	229
5761	5760
5761	5762
5764	4
5764	5763
5766	11
5766	5768
5776	3167
5776	6453
5801	21
5801	5802
5803	21
5803	5804
5809	11
5809	5810
5813	21
5813	5814
5816	22
5816	68
5816	5817
5818	21
5818	828
5818	6245
5868	110
5868	5869
5889	8
5889	9
5889	5890
5892	8
5892	9
5892	4702
5893	8
5893	9
5893	5894
5897	15
5897	5898
5898	8
5898	9
5898	5899
5921	20
5921	6250
5922	58
5922	5923
5923	6148
5928	8
5928	9
5928	5929
5931	25
5931	42
5936	4
5936	80
5936	2946
5946	22
5946	48
5947	25
5947	5946
5979	4
5979	479
5983	20
5983	100
5985	4
5985	804
5993	20
5993	24
5994	24
5994	6255
6001	4
6001	80
6001	6002
6002	4
6002	2170
6006	14463
6007	1
6007	5
6007	80
6007	671
6007	14463
6010	22
6010	4181
6010	5125
6019	85
6024	55
6024	6025
6026	6251
6026	6253
6055	4
6055	9
6055	11
6055	80
6055	6056
6055	7335
6055	11638
6056	11
6056	6057
6140	55
6140	6139
6145	4
6145	6144
6156	10
6156	4256
6202	6203
6235	1371
6235	2734
6249	20
6249	6250
6250	8
6250	9
6250	4419
6251	6025
6251	6252
6323	30
6323	6324
6397	6398
6442	1
6442	6231
6452	3167
6452	6453
6486	1
6486	6487
6581	11
6581	6582
6641	6640
6715	24
6715	527
6723	6714
6749	9824
6754	4
6754	6755
6893	111
6893	222
6899	1
6899	3
6899	7490
7090	7091
7118	24
7118	512
7292	6697
7292	7293
7836	8
7836	11472
7838	13
7838	6397
8604	8639
8604	12095
8639	12096
9811	9812
9813	1063
9818	9819
9820	91
9820	512
9825	6714
10905	5659
10905	5831
11215	6697
11215	7293
11355	22
11355	568
11356	13
11356	4574
11356	5859
11432	5693
11432	11433
11434	5
11434	13
11434	80
11434	11435
11434	11437
11435	8
11435	11436
11436	55
11436	11453
11439	58
11439	11440
11453	1
11453	2582
11453	11811
11472	9
11472	7838
11519	58
11519	571
11541	21
11541	84
11541	11542
11811	1
11811	6
11811	129
11904	3576
11904	4628
11904	11903
11929	11934
11948	100
11948	11949
11949	10
11949	11950
12095	12096
12214	5382
12214	12215
12834	12835
12838	2222
12988	26
12988	12989
12989	33
12989	47
13309	21
13309	2059
13378	68
13378	231
14086	22
14086	14087
14089	4
14089	80
14089	14090
14095	22
14095	14096
14097	11
14097	805
14107	22
14107	14108
14117	14118
14119	91
14119	14120
14818	32
14818	80
