1	1
1	2
1	3
1	4
1	5
1	8
1	9
1	10
1	13
1	14
1	15
1	17
1	20
1	21
1	22
1	25
1	26
1	27
1	31
1	33
1	35
1	36
1	37
1	41
1	42
1	44
1	47
1	49
1	58
1	60
1	63
1	65
1	66
1	69
1	75
1	80
1	84
1	85
1	86
1	88
1	89
1	92
1	93
1	95
1	99
1	101
1	105
1	106
1	109
1	112
1	114
1	116
1	117
1	121
1	124
1	134
1	135
1	137
1	138
1	140
1	144
1	147
1	155
1	159
1	161
1	162
1	167
1	169
1	178
1	180
1	181
1	189
1	191
1	194
1	197
1	217
1	221
1	234
1	241
1	243
1	245
1	252
1	258
1	259
1	262
1	267
1	270
1	293
1	294
1	299
1	300
1	327
1	330
1	334
1	342
1	346
1	348
1	352
1	365
1	438
1	492
1	526
1	536
1	571
1	588
1	617
1	641
1	645
1	655
1	666
1	668
1	670
1	695
1	760
1	794
1	804
1	818
1	864
1	890
1	954
1	962
1	984
1	1019
1	1024
1	1132
1	1134
1	1177
1	1181
1	1190
1	1228
1	1233
1	1268
1	1290
1	1304
1	1335
1	1367
1	1368
1	1419
1	1582
1	1678
1	2170
1	2336
1	2528
1	2686
1	2835
1	2946
1	3058
1	3089
1	3112
1	3341
1	3419
1	3453
1	3523
1	3539
1	3688
1	3692
1	3723
1	3802
1	3806
1	3895
1	4376
1	4462
1	4483
1	4554
1	4640
1	4677
1	4691
1	4730
1	4734
1	4824
1	4884
1	4895
1	5172
1	5394
1	5402
1	5404
1	5448
1	5512
1	5569
1	5601
1	5635
1	5691
1	5712
1	5775
1	5791
1	5796
1	5817
1	5822
1	5838
1	5887
1	5922
1	5923
1	5925
1	6015
1	6016
1	6017
1	6022
1	6135
1	6141
1	6144
1	6148
1	6193
1	6201
1	6240
1	6377
1	6567
1	6714
1	6755
1	7838
1	9812
1	9819
1	9824
1	11427
1	11440
1	11537
1	11542
1	11824
1	11924
1	11934
1	13952
1	14087
1	14096
1	14108
1	14118
2	2
2	3
2	6
2	8
2	9
2	10
2	13
2	15
2	16
2	18
2	20
2	25
2	35
2	44
2	46
2	55
2	61
2	63
2	64
2	74
2	75
2	81
2	83
2	85
2	92
2	93
2	105
2	111
2	112
2	117
2	119
2	131
2	144
2	152
2	169
2	194
2	197
2	201
2	206
2	227
2	234
2	236
2	252
2	286
2	354
2	361
2	362
2	364
2	365
2	415
2	416
2	445
2	446
2	447
2	458
2	459
2	460
2	498
2	562
2	627
2	647
2	668
2	669
2	692
2	705
2	857
2	882
2	886
2	993
2	1099
2	1172
2	1212
2	1345
2	1909
2	1931
2	2047
2	2163
2	2282
2	2412
2	2430
2	2527
2	2553
2	2554
2	2702
2	2729
2	2839
2	2876
2	2984
2	2987
2	2988
2	2992
2	3082
2	3125
2	3127
2	3175
2	3287
2	3373
2	3402
2	3406
2	3511
2	3512
2	3541
2	3785
2	3838
2	4327
2	4334
2	4352
2	4419
2	4442
2	4494
2	4556
2	4640
2	4681
2	4702
2	4734
2	4752
2	4807
2	4823
2	4846
2	4877
2	4882
2	5172
2	5336
2	5345
2	5378
2	5691
2	5820
2	5890
2	5894
2	5899
2	5928
2	5929
2	6112
2	6113
2	6397
2	6506
2	6507
2	6509
2	9332
2	11436
2	11472
3	4
3	6
3	8
3	11
3	14
3	20
3	22
3	24
3	26
3	33
3	60
3	71
3	80
3	84
3	99
3	109
3	111
3	136
3	161
3	162
3	167
3	184
3	236
3	258
3	334
3	349
3	415
3	455
3	504
3	577
3	617
3	655
3	691
3	709
3	804
3	818
3	877
3	954
3	957
3	1181
3	2137
3	2170
3	2835
3	2946
3	3232
3	3340
3	3912
3	4281
3	4554
3	4631
3	5406
3	5445
3	5449
3	5467
3	5577
3	5635
3	5778
3	6002
3	6054
3	6144
3	6240
3	6755
3	9813
3	9821
3	10700
3	11924
3	13952
3	14090
3	14099
4	1
4	3
4	80
4	244
4	5548
4	6142
4	7490
5	1
5	6
5	80
5	129
5	244
5	1641
5	3741
5	5235
5	5394
5	6142
5	11543
6	5
6	11
6	14
6	22
6	26
6	33
6	64
6	80
6	111
6	161
6	197
6	236
6	332
6	334
6	343
6	415
6	445
6	504
6	577
6	685
6	688
6	966
6	1268
6	2637
6	2652
6	2888
6	3082
6	3287
6	3340
6	3341
6	3715
6	3912
6	4281
6	4631
6	5344
6	5744
6	5746
6	5750
6	5753
6	5756
6	5759
6	5762
6	5765
6	6017
6	6320
6	11437
7	1
7	3
7	6
7	14
7	16
7	27
7	28
7	36
7	48
7	80
7	161
7	237
7	244
7	295
7	500
7	3345
7	3460
7	5840
7	6258
7	6635
7	14818
7	14819
8	2
8	8
8	1284
8	1801
8	5841
9	1
9	2
9	4
9	5
9	8
9	10
9	13
9	15
9	20
9	35
9	46
9	73
9	74
9	80
9	103
9	106
9	112
9	117
9	147
9	153
9	227
9	236
9	242
9	253
9	262
9	277
9	380
9	385
9	396
9	442
9	465
9	672
9	718
9	2527
9	2876
9	3082
9	3287
9	4454
9	5765
9	5925
10	4
10	24
10	40
10	54
10	58
10	80
10	91
10	100
10	136
10	229
10	512
10	527
10	681
10	3112
10	11949
10	14120
11	1
11	3
11	8
11	9
11	119
11	169
11	1909
11	3722
11	5548
12	6250
13	1
13	2
13	9
13	64
13	73
13	106
13	119
13	147
13	242
13	253
13	262
13	295
13	385
13	3722
13	4051
14	1
14	8
14	9
14	13
14	20
14	22
14	63
14	64
14	80
14	88
14	108
14	138
14	152
14	169
14	1596
14	5890
14	5894
14	5899
15	1
15	8
15	75
15	1170
16	111
16	319
16	877
16	1352
16	5271
16	5447
16	5460
16	14144
17	1
17	8
17	562
17	5546
19	1
19	2
19	11
19	21
19	73
19	84
19	828
19	1079
19	1137
19	1152
19	1733
19	2059
19	2463
19	4157
19	4160
19	4340
19	4728
19	5198
19	5199
19	5302
19	5312
19	5778
19	5802
19	5804
19	5814
19	6199
19	6245
19	6407
19	6408
19	6416
19	11539
19	11540
19	11541
19	11542
19	11545
20	8
20	119
20	147
21	147
21	3539
22	1
22	8
22	11
22	13
22	15
22	20
22	35
22	74
22	104
22	112
22	206
22	361
22	454
22	3340
22	3589
22	6201
22	6203
22	11437
24	8
24	9
24	10
24	22
24	33
24	83
24	227
24	332
24	566
24	979
24	2130
24	2727
24	3341
24	3939
24	4256
24	4341
24	5135
24	5269
24	6250
24	6442
25	1
25	4
25	5
25	8
25	9
25	11
25	13
25	14
25	20
25	26
25	64
25	80
25	119
25	217
25	334
25	415
25	669
25	2987
25	3287
25	3541
25	5167
25	5569
25	5672
25	5928
25	5929
25	6112
25	9332
25	12989
26	25
26	36
26	141
26	166
26	233
26	302
26	671
26	957
26	1179
26	1267
26	3465
26	4462
26	5527
26	5528
26	5539
26	5946
26	6102
27	1
27	127
28	30
28	111
28	244
28	877
29	4
29	15
29	52
29	80
29	167
29	6040
30	28
30	237
30	500
30	14818
31	8
31	92
31	615
31	668
32	28
32	237
32	500
32	14818
33	8
33	13
33	20
33	227
33	4334
35	8
35	9
35	44
35	96
35	201
37	8
37	9
37	10
37	13
37	20
37	65
37	101
37	1259
37	2412
37	3838
37	5596
37	5598
39	13
39	39
41	8
41	9
41	10
41	13
41	20
41	133
41	886
41	1212
41	3341
42	97
42	1118
43	9
43	15
43	645
43	1170
43	4631
43	5893
43	5898
44	1
44	9
44	13
44	20
44	35
44	46
44	55
44	58
44	74
44	105
44	1304
44	3794
44	4494
44	4895
44	5922
44	6509
44	6510
46	8
46	13
46	15
46	35
46	46
46	112
47	10
47	11
47	13
47	20
47	1672
47	1931
47	2727
49	8
49	9
49	11
49	13
49	14
49	20
49	25
49	27
49	35
49	36
49	99
49	152
49	438
49	2984
49	3082
49	3406
49	3794
49	4823
49	5840
49	6113
51	1
51	25
51	127
51	1419
51	4742
51	4805
52	4
52	15
52	80
52	105
52	617
52	1290
52	4507
52	6126
55	8
55	112
58	8
58	9
58	10
58	22
58	234
58	4734
58	5923
60	1
60	4233
61	13
61	16
62	13
62	14
62	20
62	327
62	2163
63	9
63	13
63	46
63	55
63	74
63	112
63	269
63	354
63	447
63	513
63	3785
63	4352
63	11435
64	3
64	8
64	9
64	13
64	14
64	20
64	22
64	25
64	63
64	108
64	144
64	169
64	352
64	2282
64	4640
64	6507
64	11355
65	1
65	10
65	13
65	14
65	20
65	22
65	55
65	979
65	2218
65	2553
65	2737
65	5820
66	13
66	21
66	4157
66	4160
66	4432
66	4728
67	6019
68	117
68	13378
71	4
71	60
71	162
73	13
73	20
73	2430
74	9
74	22
74	1269
74	4085
74	4631
74	4691
75	8
75	9
75	13
75	15
75	25
75	29
75	43
75	46
75	52
75	55
75	63
75	74
75	105
75	354
75	447
75	3785
77	9
77	327
78	13
78	20
78	3512
79	13
79	20
79	25
79	166
79	3511
80	1
80	3
80	6
80	7
80	27
80	33
80	94
80	97
80	129
80	191
80	343
80	1641
80	3741
80	5548
80	5778
80	5791
80	6142
80	7490
80	11543
80	14818
81	55
81	74
81	104
81	105
81	354
81	447
81	3785
82	13
82	20
82	25
82	1179
82	2839
83	10
83	1209
84	1
84	4
84	5
84	24
84	33
84	80
84	1548
84	3589
85	8
85	15
85	25
85	104
85	112
85	231
85	279
85	352
85	354
87	120
88	30
88	126
88	244
89	31
89	95
89	267
89	615
89	2336
89	2591
91	10
91	4462
92	85
93	4
93	5
93	13
93	30
93	55
93	80
93	111
93	513
93	1352
93	3892
95	8
95	85
95	615
95	1094
95	5345
96	35
96	2492
96	4615
97	8
97	9
97	13
97	20
97	42
97	55
97	112
97	302
97	669
97	957
97	2291
97	3125
97	4352
100	10
100	2876
101	4
101	5
101	8
101	9
101	80
101	234
101	415
101	504
101	9332
103	13
103	29
103	498
103	842
104	8
104	81
105	8
105	15
105	106
105	119
106	1
106	1168
109	58
109	100
111	9
111	546
112	8
112	63
116	1
116	4
116	5
116	8
116	80
116	93
116	184
116	577
116	969
116	5999
117	1
117	20
117	119
117	199
117	1168
117	5382
117	12215
118	4
118	5
118	11
118	68
118	80
118	85
118	111
118	117
118	197
118	231
118	236
118	279
118	11437
120	13
120	20
120	4681
121	8
121	117
122	14115
123	13
123	20
123	25
123	233
123	2047
124	8
124	446
125	126
125	244
128	55
128	6138
128	6139
129	13
129	341
129	448
129	4432
129	4574
130	4
130	9
130	35
130	80
130	119
130	262
130	655
130	3794
130	4734
131	2
131	13
131	39
131	55
131	74
131	105
131	206
131	342
133	8
133	9
133	993
134	170
134	315
135	11
135	13
135	20
135	21
135	388
135	1152
135	2988
136	4
136	10
136	30
136	80
136	877
136	1352
136	2527
136	5269
137	4
137	691
139	80
139	88
139	138
140	357
140	615
141	11
141	4424
143	5
143	16
143	65
143	101
143	364
143	445
144	8
144	35
144	119
144	242
144	5775
144	6510
146	1371
146	2734
147	14
147	262
148	4
148	5
148	13
148	20
148	80
148	2702
148	3912
149	4
149	5
149	11
149	22
152	13
152	14
152	20
152	49
152	3402
157	162
157	588
157	641
157	670
158	33
158	36
158	566
159	275
159	615
160	27
160	48
161	26
161	5167
163	8
163	2876
169	9
169	327
169	438
170	147
170	3089
173	11
173	229
173	685
175	11538
177	1755
177	5330
177	5717
179	86
179	134
183	13
183	20
183	25
183	141
183	2554
184	8
184	111
185	221
186	4
186	22
186	80
188	13
188	14
188	20
188	109
188	2992
189	14
189	84
191	905
194	5775
194	6510
195	55
195	5681
195	6062
197	4
197	8
197	80
197	236
197	3232
199	231
199	6019
201	13
201	46
203	4
203	80
203	13952
204	8
204	4442
206	8
206	131
206	342
208	10
208	267
208	615
208	2130
208	2995
212	14
212	147
212	294
212	442
214	8
214	364
217	8
217	9
217	692
221	8
221	1172
226	4
226	71
226	80
227	9
227	33
229	10
229	1134
229	1209
229	3688
229	3939
229	4688
229	6022
229	6025
229	6251
229	6252
229	6253
232	6201
234	8
234	9
234	101
234	3294
234	4376
234	4734
234	5928
235	13
235	341
236	9
236	197
236	1159
239	8
239	14
239	365
239	705
241	14
241	60
243	124
243	267
243	615
243	5396
244	88
244	399
246	8
246	2527
247	615
247	2888
248	11
248	4424
250	8
250	18
251	1
251	22
251	25
251	108
251	254
251	11355
252	8
252	9
252	252
255	8
255	61
256	4
256	22
256	80
258	8
258	197
267	8
267	221
267	668
269	55
269	2737
269	3892
269	5980
270	1
270	22
270	645
270	4730
270	4927
270	6128
270	6139
275	85
275	636
275	5345
277	8
277	103
277	208
277	277
279	9
279	4691
281	8
281	15
281	104
281	112
281	447
281	7836
283	33
283	97
286	13
286	39
286	44
286	55
286	74
286	105
286	330
286	342
286	361
286	536
288	8
288	9
288	25
288	83
288	169
288	4419
293	208
294	262
294	442
297	42
297	155
299	8
299	15
299	35
299	104
299	105
299	106
299	206
299	361
299	363
299	442
299	705
299	1346
301	20
301	117
312	1508
314	8
314	627
315	170
315	750
320	33
320	94
320	97
320	343
320	1755
320	5824
327	13
327	20
327	3406
329	1
329	352
329	615
329	6023
330	8
330	242
330	362
330	672
333	558
337	27
337	295
337	438
341	13
341	448
342	5
342	33
342	80
342	94
342	97
342	343
343	2
343	8
343	15
343	35
343	44
343	63
343	75
343	112
343	342
343	3723
343	3802
343	3895
344	55
344	93
344	641
344	5980
346	6124
348	105
348	4507
348	4851
348	5888
348	5897
350	165
350	346
350	641
352	14
352	85
354	111
354	118
357	33
357	352
357	4257
360	8
360	206
361	8
361	35
361	286
361	342
362	8
362	361
363	8
363	459
365	16
365	101
365	364
369	103
369	718
380	14
380	106
386	99
386	135
387	242
387	442
388	10
388	5135
390	88
390	399
392	615
392	644
395	6567
407	13
407	20
407	25
407	671
407	3127
407	3465
415	4
415	5
415	80
415	504
416	13
416	40
416	269
416	681
430	1
430	931
430	3741
432	4
432	709
441	1
441	5
441	80
441	3082
441	3340
445	80
445	101
445	234
445	4376
446	13
446	52
447	111
447	279
455	3
455	13
458	13
458	39
458	55
458	63
458	105
458	342
458	705
459	13
459	39
459	55
459	105
459	363
459	842
460	13
460	55
460	75
460	105
460	342
460	365
460	1346
469	4
469	80
469	84
475	8
475	14
475	15
475	35
475	55
475	104
475	206
475	299
475	361
475	363
475	380
475	442
475	705
475	1346
492	89
492	95
492	124
492	5402
493	5
493	8
493	80
493	2637
493	2652
493	3175
498	8
498	277
498	718
506	11
506	245
506	302
506	5528
514	1
514	204
522	5
522	966
526	8
526	106
526	365
526	672
533	3
533	6
533	80
533	244
534	8
534	647
542	97
542	1118
546	6
546	5235
555	4
555	5
555	80
555	334
559	14
559	147
559	672
559	5512
562	9
562	17
568	1
568	13
568	921
570	55
570	6062
577	4
577	80
577	258
579	10
579	4424
579	5118
579	5119
582	10
582	5598
597	4
597	3232
605	10
605	416
606	11
606	302
606	519
606	5527
615	22
615	4085
620	117
630	1
630	10
630	3460
630	4424
631	1
631	74
631	197
632	5831
636	9
636	96
637	4
637	80
637	954
641	8
641	416
645	1
645	1170
655	13
655	20
655	25
655	119
655	144
655	385
666	680
668	1172
668	5345
670	1
670	93
670	114
670	4233
672	673
673	2
673	84
673	118
673	1801
677	13
677	39
680	8
680	9
680	11
680	47
680	4877
681	10
681	416
686	4136
687	688
687	5344
689	31
689	92
692	8
692	9
692	4877
699	74
699	454
704	7
704	27
705	8
705	112
705	342
705	458
718	8
718	369
718	718
729	12452
748	5778
748	14818
760	221
760	760
780	5659
787	13
787	20
787	2839
791	300
794	615
794	1096
819	14
819	217
831	864
831	1678
836	319
836	1352
842	1
842	5
842	80
842	687
842	2097
842	6017
842	11907
853	9
853	13
853	194
857	3
857	13
857	20
857	25
881	14
881	526
882	8
882	10
884	135
884	334
885	22
885	805
890	9
890	890
916	24
916	33
916	3112
921	8
921	9
921	415
931	14
931	1024
944	1
944	2637
962	6
962	5394
979	33
979	94
979	97
979	343
979	5688
979	5824
993	8
993	9
993	4702
993	4846
993	4882
1019	1721
1024	1
1024	1051
1033	1
1033	10
1033	3345
1033	5118
1037	8
1037	9
1037	1909
1050	4
1050	5
1050	8
1050	9
1050	80
1050	1212
1050	4631
1051	21
1051	2463
1083	689
1094	8
1094	111
1094	577
1094	5378
1096	5
1096	2888
1097	8
1097	15
1097	104
1097	112
1097	3785
1099	111
1099	424
1100	25
1100	1267
1101	3291
1103	11
1103	105
1103	119
1103	295
1113	1097
1118	14
1118	42
1118	109
1118	155
1118	2291
1127	22
1127	48
1132	1
1132	3272
1134	13
1134	882
1137	170
1137	315
1137	750
1144	5
1144	332
1149	4
1149	80
1149	1181
1149	1259
1157	4
1157	5
1157	80
1157	4281
1165	5
1165	80
1165	3287
1170	4
1170	80
1170	6240
1172	5345
1185	2
1185	13
1185	119
1185	253
1185	857
1185	3722
1185	4778
1185	5841
1188	4
1188	349
1190	15
1190	1290
1194	641
1194	1177
1204	2
1204	1284
1209	11
1209	229
1209	685
1209	5744
1209	5746
1209	5750
1209	5753
1209	5756
1209	5759
1209	5762
1212	8
1212	9
1212	692
1229	21
1229	4340
1233	93
1233	189
1235	124
1235	137
1240	3419
1269	9
1269	251
1271	5
1271	685
1279	8
1279	4556
1290	1
1290	962
1290	1190
1290	4730
1300	1
1300	20
1300	921
1300	4807
1304	14
1304	1268
1326	94
1326	1755
1344	8
1344	1345
1346	8
1346	15
1346	342
1346	460
1352	1
1352	16
1352	101
1352	237
1352	364
1352	500
1352	6258
1352	14819
1384	1
1384	1596
1412	3
1412	4
1412	6
1412	136
1412	6142
1449	242
1449	1978
1451	615
1451	6188
1528	9
1528	20
1528	33
1528	5172
1528	5688
1563	8
1563	169
1609	8
1609	2729
1613	95
1613	124
1613	492
1613	5404
1635	13
1635	20
1635	886
1636	13
1636	20
1636	2163
1637	13
1637	20
1637	3402
1637	6113
1638	13
1638	20
1638	2984
1639	13
1639	20
1639	3125
1640	13
1640	20
1640	2282
1640	6112
1641	13
1641	20
1641	2987
1642	13
1642	20
1642	2412
1643	13
1643	20
1643	2988
1644	13
1644	20
1644	3127
1645	13
1645	20
1645	2047
1646	13
1646	20
1646	1931
1647	13
1647	20
1647	2430
1647	5336
1648	13
1648	20
1648	3511
1649	13
1649	20
1649	2702
1650	13
1650	20
1650	2553
1651	13
1651	20
1651	2992
1652	13
1652	20
1652	3512
1653	13
1653	20
1653	2554
1674	140
1697	615
1697	6311
1708	1
1708	16
1708	237
1708	500
1708	6258
1708	14819
1721	8
1721	1099
1736	442
1736	465
1762	385
1762	442
1798	267
1798	1335
1817	1755
1817	5330
1817	5717
1866	3806
1909	120
1921	37
1921	695
1977	242
1977	1978
1984	4
1984	2137
2066	12453
2133	9
2133	60
2220	14
2220	3453
2315	1
2315	2582
2315	11811
2336	8
2336	5345
2353	1367
2354	5822
2355	1368
2376	14
2376	178
2378	302
2378	6102
2411	3058
2430	101
2430	3294
2442	21
2442	6199
2463	4
2463	80
2463	5778
2469	21
2469	5778
2470	5830
2472	69
2472	1019
2492	35
2492	2492
2553	9
2553	5173
2576	4
2576	80
2576	11924
2591	668
2591	2336
2613	27
2613	161
2637	1
2637	230
2670	4
2670	80
2670	818
2686	1
2686	15
2686	6126
2686	6128
2730	5817
2737	11
2737	350
2743	3800
2743	11475
2798	26
2798	5672
2909	4
2909	80
2909	14099
2939	10
2939	5119
2987	6
2987	1641
2987	3741
2995	31
2995	92
2999	41
2999	5887
3023	342
3023	3895
3033	69
3033	191
3063	5601
3063	6201
3087	1
3087	3
3087	5548
3090	1
3090	8
3090	9
3090	64
3090	119
3090	3838
3114	253
3114	4778
3120	69
3120	93
3150	153
3150	442
3169	396
3169	442
3175	9
3175	1269
3240	6635
3263	11
3263	73
3263	1079
3263	5198
3283	10
3283	6442
3319	5
3319	688
3356	1
3356	4309
3393	4
3393	6054
3406	62
3406	122
3451	51
3451	546
3467	33
3467	6004
3479	8
3479	9
3479	445
3492	8
3492	9
3492	13
3492	55
3492	112
3492	4352
3539	121
3539	155
3541	8
3541	9
3541	3541
3543	9
3543	348
3561	1
3561	877
3561	6143
3688	54
3688	229
3741	5
3741	5765
3793	1
3793	5546
3794	20
3794	122
3798	3633
3803	10
3803	4341
3826	4
3826	5406
3838	101
3838	4376
3862	110
3862	5869
3880	66
3880	3523
3939	11
3939	229
3939	5744
3943	5
3943	14
3943	3341
3968	5
3968	3715
3972	4
3972	5
3972	10
3972	80
3972	3340
3972	4462
3979	22
3979	424
4030	5821
4046	15
4046	6040
4085	275
4085	352
4085	357
4085	615
4085	644
4085	668
4085	934
4085	1094
4085	1096
4085	2591
4085	2888
4085	2995
4085	5396
4085	6187
4085	6188
4085	6311
4115	1
4115	4324
4122	8
4122	9
4122	6509
4184	1
4184	5854
4230	162
4230	670
4232	342
4232	3723
4233	162
4233	670
4250	3800
4250	11475
4256	13
4256	43
4283	342
4283	3802
4294	8
4294	4327
4298	13
4298	20
4298	4334
4327	13
4327	1081
4332	117
4332	255
4332	4454
4332	4732
4352	11
4352	1134
4376	8
4376	9
4376	25
4376	4640
4390	25
4390	5539
4419	83
4419	6250
4421	25
4421	42
4421	666
4421	4462
4438	162
4438	1233
4442	22
4442	118
4454	5
4454	1268
4494	9
4494	1228
4501	13
4501	43
4517	670
4517	6015
4537	35
4537	4615
4556	8
4556	4752
4618	5
4618	5744
4619	5
4619	5753
4620	5
4620	5750
4633	5
4633	5762
4640	8
4640	9
4640	3373
4644	1352
4644	5447
4652	105
4652	4688
4652	4824
4652	6022
4666	64
4666	5569
4677	8
4677	9
4677	101
4677	119
4677	4051
4677	4734
4688	5
4688	5759
4691	9
4691	944
4700	8
4700	9
4700	4846
4702	105
4702	4851
4735	13
4735	20
4735	4681
4737	1
4737	1290
4737	1582
4737	3272
4738	33
4738	6022
4751	8
4751	9
4751	11
4751	3373
4751	4823
4752	13
4752	1081
4760	1352
4760	5460
4778	9
4778	5775
4807	13
4807	921
4823	122
4823	4677
4846	105
4846	5888
4851	15
4851	5893
4874	1
4874	266
4874	1300
4874	5925
4877	8
4877	9
4877	4882
4882	105
4882	5897
4884	270
4884	1132
4884	4730
4884	6135
4895	13
4895	5925
4895	6148
4911	1
4911	1582
4911	4884
4911	4927
4916	4677
4916	5569
4927	55
4927	6138
5116	5
5116	80
5116	332
5122	245
5122	695
5130	4
5130	80
5130	2835
5167	4
5167	5
5167	14
5167	80
5167	161
5167	11823
5172	9
5172	5173
5196	1733
5196	5198
5196	5199
5196	5312
5197	1733
5197	5198
5197	5199
5197	5312
5223	11
5223	229
5223	5759
5270	1352
5270	5271
5301	21
5301	5302
5335	9
5335	13
5335	20
5335	5336
5335	5691
5338	10
5338	5596
5345	8
5345	231
5345	279
5345	5378
5356	1
5356	127
5356	4805
5378	111
5378	118
5382	85
5382	117
5382	231
5382	279
5382	13378
5386	5
5386	5344
5396	9
5396	243
5399	124
5399	794
5400	124
5400	159
5401	116
5401	124
5401	1582
5402	31
5402	124
5403	221
5403	5394
5404	124
5404	5402
5413	282
5413	5414
5414	5430
5444	4
5444	5445
5445	4
5445	80
5445	4554
5447	5448
5448	4
5448	5449
5450	1
5450	4
5450	5460
5450	5467
5463	245
5463	4483
5464	37
5464	4483
5465	245
5465	2528
5466	37
5466	2528
5512	262
5512	672
5552	6250
5576	4
5576	5577
5600	5601
5600	6201
5601	22
5601	232
5634	4
5634	80
5634	5635
5665	4
5665	99
5673	55
5673	5681
5688	9
5688	33
5688	42
5688	5699
5691	5692
5691	5694
5693	5692
5693	5694
5694	5693
5694	11433
5700	33
5700	5699
5701	42
5701	5699
5702	9
5702	5699
5713	293
5713	5712
5745	11
5745	229
5745	5746
5747	5
5747	5746
5749	11
5749	229
5749	5750
5752	11
5752	229
5752	5753
5755	11
5755	229
5755	5756
5757	5
5757	5756
5761	11
5761	229
5761	5762
5771	6508
5776	3167
5776	6453
5778	11538
5787	191
5787	5791
5796	124
5796	5796
5801	21
5801	5802
5803	21
5803	5804
5813	21
5813	5814
5818	21
5818	828
5818	6245
5820	5821
5823	4
5823	957
5839	31
5839	5838
5841	253
5841	442
5868	110
5868	5869
5889	8
5889	9
5889	5890
5892	8
5892	9
5892	4702
5893	8
5893	9
5893	5894
5897	15
5897	5898
5898	8
5898	9
5898	5899
5921	20
5921	6250
5922	58
5922	5923
5923	6148
5928	8
5928	9
5928	5929
5931	25
5931	42
5936	4
5936	80
5936	2946
5946	22
5946	48
5947	25
5947	5946
5966	1
5966	127
5966	4742
5973	162
5973	1233
5984	4
5984	80
5984	109
5985	4
5985	804
6001	4
6001	80
6001	6002
6002	4
6002	2170
6016	181
6016	259
6016	6016
6019	85
6023	1
6023	6023
6026	6251
6026	6253
6037	1582
6037	3692
6059	14
6059	11824
6060	14
6060	241
6123	6124
6126	1582
6126	2686
6135	1132
6135	1290
6136	124
6136	6135
6140	1
6140	55
6140	270
6140	6139
6140	6141
6145	4
6145	6144
6156	10
6156	352
6156	4256
6186	615
6186	6187
6194	6193
6202	6203
6206	9
6206	180
6235	689
6235	1371
6235	2734
6249	20
6249	6250
6250	8
6250	9
6250	4419
6251	6025
6251	6252
6319	5
6319	11
6319	21
6319	6320
6319	6408
6376	33
6376	6377
6406	21
6406	6407
6407	21
6407	6416
6408	6399
6442	1
6442	6231
6452	3167
6452	6453
6505	9
6505	13
6505	6506
6506	8
6506	9
6506	25
6506	6507
6507	8
6507	9
6507	6508
6507	6509
6508	8
6508	35
6508	6509
6509	13
6509	6510
6548	4
6548	24
6548	80
6715	24
6715	527
6723	6714
6749	4
6749	80
6749	9821
6749	9824
6754	4
6754	6755
6893	111
6893	222
6899	1
6899	3
6899	7490
7118	24
7118	512
7836	8
7836	11472
7838	13
7838	6397
8604	8639
8604	12095
8639	12096
9811	9812
9812	4
9812	80
9812	9813
9818	9819
9820	91
9820	512
10905	5659
10905	5831
11355	22
11355	568
11356	13
11356	4574
11426	22
11426	11427
11432	5693
11432	11433
11434	5
11434	13
11434	80
11434	11435
11434	11437
11435	8
11435	11436
11436	55
11436	11453
11439	58
11439	11440
11453	1
11453	2582
11453	11811
11472	9
11472	7838
11477	615
11477	934
11519	58
11519	571
11536	9
11536	11537
11538	21
11538	11539
11539	21
11539	11540
11540	21
11540	11541
11541	21
11541	84
11541	11542
11542	6
11542	11543
11543	11
11543	21
11543	11545
11545	5773
11811	1
11811	6
11811	129
11907	688
11929	11934
11948	100
11948	11949
12095	12096
12213	12214
12214	5382
12214	12215
12988	26
12988	12989
12989	33
12989	47
13309	21
13309	2059
13378	68
13378	231
13638	4
13638	80
13638	10700
14086	22
14086	14087
14089	4
14089	80
14089	14090
14095	22
14095	14096
14098	14115
14107	22
14107	14108
14116	80
14116	14117
14117	14118
14119	91
14119	14120
14143	1352
14143	14144
