1	1
1	3
1	4
1	5
1	8
1	9
1	11
1	13
1	14
1	15
1	17
1	20
1	21
1	22
1	25
1	26
1	30
1	31
1	33
1	35
1	42
1	47
1	49
1	58
1	60
1	65
1	66
1	69
1	74
1	75
1	80
1	84
1	86
1	88
1	93
1	95
1	99
1	101
1	105
1	109
1	112
1	114
1	117
1	124
1	134
1	135
1	137
1	138
1	144
1	152
1	155
1	160
1	161
1	162
1	169
1	180
1	185
1	188
1	189
1	194
1	197
1	212
1	221
1	234
1	252
1	255
1	258
1	267
1	293
1	299
1	302
1	334
1	342
1	348
1	369
1	438
1	454
1	460
1	526
1	571
1	617
1	666
1	721
1	740
1	760
1	804
1	805
1	818
1	864
1	870
1	954
1	966
1	1024
1	1043
1	1081
1	1181
1	1335
1	1419
1	1606
1	1678
1	2170
1	2336
1	2741
1	2835
1	2946
1	3203
1	3393
1	3523
1	3589
1	3723
1	4171
1	4376
1	4554
1	4640
1	4677
1	4691
1	4824
1	4895
1	4896
1	5116
1	5411
1	5412
1	5569
1	5635
1	5655
1	5691
1	5698
1	5712
1	5729
1	5838
1	5922
1	5923
1	5925
1	5951
1	6000
1	6017
1	6022
1	6056
1	6144
1	6148
1	6240
1	6755
1	11427
1	11481
1	11542
1	11924
1	11943
1	11944
1	11947
1	13952
1	14088
1	14091
1	14101
1	14109
1	14145
1	14179
2	1
2	2
2	3
2	6
2	8
2	9
2	13
2	15
2	20
2	24
2	25
2	40
2	44
2	46
2	63
2	64
2	68
2	74
2	75
2	81
2	91
2	92
2	112
2	117
2	119
2	131
2	144
2	152
2	154
2	169
2	194
2	201
2	206
2	224
2	234
2	236
2	252
2	286
2	363
2	364
2	365
2	446
2	458
2	459
2	460
2	531
2	562
2	575
2	668
2	705
2	857
2	882
2	886
2	1043
2	1102
2	1107
2	1159
2	1172
2	1345
2	1346
2	1931
2	2047
2	2163
2	2412
2	2430
2	2553
2	2554
2	2702
2	2729
2	2839
2	2984
2	2987
2	2988
2	2992
2	3082
2	3125
2	3127
2	3175
2	3373
2	3402
2	3406
2	3511
2	3512
2	3838
2	4133
2	4312
2	4556
2	4640
2	4752
2	4823
2	5336
2	5686
2	5691
2	5820
2	5890
2	5894
2	5899
2	5983
2	5993
2	6112
2	6113
2	6397
2	6506
2	6509
2	6671
2	7118
2	9823
2	11407
2	11472
2	11929
2	11945
2	11946
2	12450
2	12987
2	14143
3	4
3	6
3	8
3	11
3	14
3	22
3	24
3	26
3	33
3	36
3	60
3	71
3	80
3	84
3	99
3	111
3	135
3	161
3	162
3	236
3	248
3	258
3	264
3	332
3	334
3	349
3	399
3	441
3	577
3	617
3	709
3	804
3	805
3	818
3	954
3	1181
3	1606
3	1929
3	2051
3	2137
3	2170
3	2232
3	2835
3	2946
3	3203
3	3232
3	3344
3	3393
3	3912
3	4236
3	4281
3	4554
3	5259
3	5261
3	5263
3	5265
3	5267
3	5269
3	5406
3	5445
3	5449
3	5467
3	5577
3	5635
3	5655
3	5778
3	6002
3	6054
3	6144
3	6240
3	6755
3	9813
3	9820
3	9821
3	10700
3	11924
3	11943
3	11944
3	13952
3	14088
3	14090
3	14091
3	14099
3	14101
3	14109
3	14179
4	1
4	3
4	1161
4	5548
4	6142
4	7490
5	1
5	6
5	9
5	11
5	80
5	1641
5	3741
5	4039
5	5235
5	5394
5	5585
5	6142
5	12988
6	5
6	11
6	14
6	22
6	24
6	26
6	33
6	64
6	80
6	111
6	161
6	236
6	334
6	343
6	356
6	441
6	445
6	577
6	685
6	703
6	966
6	1268
6	2637
6	2652
6	2888
6	3082
6	3715
6	3912
6	4133
6	4181
6	4281
6	5379
6	5655
6	5744
6	5746
6	5750
6	5753
6	5756
6	5759
6	5762
6	6010
6	6017
6	14463
7	1
7	3
7	6
7	11
7	27
7	48
7	80
7	125
7	161
7	295
7	1161
7	5585
7	6635
8	2
8	8
8	10
8	1013
8	1284
8	1801
8	5841
9	1
9	2
9	4
9	5
9	10
9	13
9	20
9	73
9	74
9	80
9	103
9	106
9	117
9	147
9	236
9	277
9	442
9	718
9	1013
9	3082
9	4133
9	4188
9	4454
9	5925
10	1
10	4
10	5
10	8
10	9
10	11
10	13
10	20
10	24
10	36
10	40
10	48
10	80
10	91
10	100
10	138
10	141
10	154
10	356
10	512
10	527
10	531
10	3112
10	6255
10	6671
10	7118
10	9823
10	11407
10	11929
10	11945
10	11946
10	11949
10	12450
10	14120
10	14143
11	1
11	3
11	8
11	10
11	22
11	26
11	68
11	119
11	139
11	169
11	3722
11	3981
11	5516
11	5548
11	5604
11	5935
11	6640
12	6250
13	1
13	2
13	64
13	73
13	106
13	108
13	119
13	295
13	3722
14	1
14	8
14	9
14	22
14	64
14	80
14	88
14	108
14	138
14	169
14	1596
14	5890
14	5894
14	5899
15	8
15	75
16	122
16	319
16	877
16	894
16	1352
16	3069
16	3221
16	3345
16	3460
16	5271
16	5272
16	5273
16	5275
16	5276
16	5447
16	5460
16	14144
17	1
17	8
17	562
17	5546
19	1
19	2
19	11
19	21
19	73
19	84
19	828
19	1137
19	1152
19	1733
19	2059
19	2463
19	2967
19	4156
19	4158
19	4311
19	4692
19	5198
19	5199
19	5302
19	5312
19	5523
19	5778
19	5802
19	5804
19	5814
19	6199
19	6245
19	6407
19	6408
19	6416
19	11539
19	11540
19	11541
19	11542
19	11545
20	8
20	30
20	224
20	5686
20	5687
21	155
21	212
22	1
22	4
22	5
22	8
22	9
22	11
22	13
22	15
22	20
22	24
22	35
22	74
22	104
22	112
22	206
22	251
22	361
22	454
22	1136
22	3340
22	3589
22	3981
22	6201
22	6762
24	10
24	11
24	22
24	139
24	264
24	332
24	1136
24	2232
24	2727
24	3341
24	3344
24	3939
24	4341
24	5135
24	5259
24	5261
24	5263
24	5265
24	5267
24	5269
24	6020
24	6442
25	1
25	4
25	5
25	8
25	9
25	13
25	14
25	20
25	26
25	64
25	80
25	119
25	2987
25	5167
25	5569
25	5672
25	5711
25	6112
25	12989
26	25
26	36
26	141
26	166
26	222
26	232
26	233
26	302
26	671
26	957
26	1179
26	1250
26	1267
26	3465
26	5527
26	5528
26	5539
26	5946
26	6102
28	11
28	30
28	122
28	224
28	244
28	605
28	11481
29	52
31	8
31	92
33	13
33	20
33	24
33	5993
35	8
35	44
35	201
37	8
37	9
37	10
37	13
37	20
37	65
37	101
37	1259
37	2412
37	3838
37	5596
37	5598
39	13
39	21
39	39
39	2967
40	10
40	30
40	264
40	605
41	10
41	13
41	20
41	886
41	3341
42	8
42	9
42	30
42	91
42	97
42	122
42	1118
42	1352
43	105
43	4500
44	1
44	9
44	13
44	35
44	46
44	58
44	74
44	96
44	942
44	3794
44	4895
44	5922
45	11
45	12
45	3363
46	13
46	46
47	10
47	13
47	20
47	1931
47	2727
49	8
49	9
49	13
49	20
49	25
49	35
49	36
49	152
49	438
49	2984
49	3082
49	3406
49	3794
49	4823
49	6113
51	25
51	1419
51	3740
52	4
52	80
52	617
53	54
53	80
53	94
53	343
55	8
55	112
58	4
58	8
58	9
58	11
58	80
58	234
59	13
59	224
61	9
61	255
62	13
62	20
62	2163
63	13
63	14
63	46
63	74
63	75
63	112
64	3
64	8
64	9
64	13
64	20
64	22
64	25
64	108
64	144
64	152
64	169
64	352
64	4640
65	1
65	13
65	14
65	20
65	22
65	78
65	661
65	2553
65	5820
66	21
66	4156
66	4158
67	6019
68	9
68	22
68	117
68	1081
68	5125
68	13378
71	4
71	60
71	162
73	13
73	20
73	2430
74	9
74	1269
74	4691
75	13
75	15
75	46
75	52
75	74
77	9
77	327
78	13
78	20
78	3512
79	13
79	20
79	25
79	166
79	3511
80	1
80	3
80	5
80	6
80	7
80	9
80	27
80	33
80	94
80	97
80	343
80	703
80	1641
80	3741
80	4039
80	5548
80	5778
80	6142
80	7490
80	12988
80	14818
81	74
81	104
82	13
82	20
82	25
82	1179
82	2839
84	4
84	5
84	33
84	80
84	3589
85	25
85	231
85	279
85	352
88	30
88	126
88	244
89	31
89	95
89	267
89	2336
91	10
91	26
91	139
91	2232
93	55
93	3892
94	30
94	224
96	35
96	3862
97	13
97	20
97	42
97	302
97	957
97	2291
97	3125
99	25
99	222
100	10
100	894
100	1352
100	3344
100	4570
100	4644
100	5449
100	5467
101	8
101	9
101	234
104	8
104	81
105	8
105	15
105	106
105	119
106	1
106	1168
109	11
109	68
109	100
109	138
109	6006
110	35
110	105
110	3862
110	4500
112	8
112	63
116	4
116	5
116	80
116	577
117	1
117	20
117	119
117	199
117	1168
117	5382
117	12215
118	4
118	5
118	68
118	80
118	111
118	117
118	231
118	236
118	279
118	3506
121	8
121	117
123	13
123	20
123	25
123	233
123	2047
124	8
124	446
125	126
125	244
126	1
126	125
129	13
129	235
129	341
129	448
129	4574
129	5859
129	11356
130	9
130	35
130	3794
131	13
131	39
131	74
131	206
134	170
134	315
135	13
135	20
135	21
135	1152
135	2988
136	10
136	877
136	1352
136	5269
138	10
138	22
138	26
138	139
139	11
139	80
139	88
139	100
139	138
141	11
141	101
141	966
141	4424
143	5
143	16
143	65
143	101
143	364
143	445
143	966
144	5775
144	6510
146	1371
146	2734
148	4
148	5
148	13
148	20
148	80
148	2702
148	3912
149	1
149	4
149	5
149	11
149	22
149	24
149	36
149	48
149	80
149	122
151	1419
151	3740
152	13
152	14
152	20
152	49
152	3402
154	1352
154	5272
155	73
155	4144
156	13
156	251
156	5809
156	13425
158	1
158	24
158	36
158	311
158	417
160	27
160	48
161	26
161	5167
163	13
163	5983
169	9
169	327
169	438
170	147
170	4188
173	11
173	229
173	685
179	86
179	134
183	13
183	20
183	25
183	141
183	2554
185	221
188	13
188	14
188	20
188	109
188	2992
194	5775
194	6510
197	4
197	8
197	80
197	236
197	3232
199	6019
201	13
201	46
203	4
203	80
203	13952
206	8
206	131
206	342
208	267
214	8
214	364
221	8
221	1172
222	11
222	84
226	4
226	71
226	80
227	9
227	33
229	10
229	3939
229	4688
229	6022
229	6025
229	6251
229	6252
229	6253
232	6201
234	101
234	4376
235	13
235	341
236	9
236	197
236	1159
237	11
237	30
239	8
239	705
241	14
241	60
244	88
244	399
245	12
245	5844
248	11
248	68
248	1136
248	4424
249	13
249	20
249	154
251	1
251	22
251	25
251	108
251	254
252	8
252	9
252	252
254	1
254	11
254	166
256	4
256	22
256	80
263	4
263	5
263	8
263	80
263	441
263	1102
267	8
267	668
269	55
269	3892
275	636
277	8
277	103
277	208
277	277
279	4
279	9
279	80
279	3393
279	4691
283	33
283	97
286	13
286	39
286	74
286	361
288	8
288	9
288	25
288	169
293	208
297	42
297	155
299	106
299	442
301	20
301	117
302	1
302	11
302	6114
311	1
311	5
311	11
311	26
311	42
311	48
311	80
311	417
311	5379
315	170
315	750
315	986
315	7282
320	33
320	94
320	97
320	343
320	1755
320	5824
327	13
327	20
327	3406
334	25
334	232
337	27
337	295
337	438
341	13
341	448
342	5
342	33
342	54
342	80
342	94
342	97
342	343
343	8
343	15
343	35
343	112
343	342
343	3723
346	6124
347	13
347	20
347	40
350	165
360	8
360	206
361	8
361	35
361	286
361	342
363	8
363	459
364	8
364	363
365	8
365	16
365	101
365	364
365	1346
369	103
369	369
369	718
369	721
388	10
388	5135
390	4
390	80
390	88
390	399
407	13
407	20
407	25
407	671
407	3127
407	3465
418	5
418	8
418	356
418	1107
430	1
430	931
430	3741
432	4
432	709
437	25
437	1250
441	1
441	5
441	80
441	3082
441	3340
445	80
445	101
445	234
445	4376
446	13
446	52
448	13
448	11356
455	3
455	13
458	13
458	14
458	39
458	460
459	13
459	39
463	1
463	78
463	3506
469	4
469	80
469	84
475	14
475	299
479	6762
490	8
490	9
490	531
493	5
493	8
493	80
493	2637
493	2652
493	3175
498	8
498	277
498	718
506	302
506	5528
522	5
522	966
526	8
526	365
542	97
542	1118
544	1
544	6
544	11
544	80
544	5585
546	6
546	5235
555	4
555	5
555	80
555	334
562	9
562	17
568	1
568	13
568	921
577	4
577	80
577	258
579	4
579	10
579	248
579	1136
579	4424
579	5118
579	5119
582	10
582	5598
593	4
593	80
593	14179
597	4
597	3232
606	302
606	5527
623	4
623	5
623	80
623	111
624	8
624	4133
630	10
630	1352
630	3460
630	4424
631	1
631	8
631	74
631	197
631	1159
632	5831
636	13
636	96
637	4
637	80
637	954
640	1
640	4
640	264
640	658
642	1
642	3
642	1161
655	13
655	20
655	25
655	144
670	93
670	114
673	2
673	84
673	118
673	1801
677	13
677	39
699	9
699	74
699	454
704	7
704	27
705	8
705	112
705	342
705	458
718	8
718	718
729	12452
748	5778
748	14818
760	185
760	221
760	760
780	5659
787	13
787	20
787	2839
794	615
794	1096
811	11
811	5627
826	1
826	11
826	79
831	864
831	1678
836	319
836	1352
842	5
842	80
842	2097
842	6017
853	9
853	13
853	194
856	21
856	2967
857	3
857	13
857	20
857	25
860	4
860	80
860	135
860	1929
877	5116
881	14
881	526
885	22
885	68
885	4171
885	5817
900	6
900	22
900	4039
900	5125
916	24
916	3112
931	14
931	1024
944	1
944	2637
962	6
962	5394
979	33
979	94
979	97
979	343
979	5688
979	5824
988	9
988	160
1005	9
1005	65
1024	1
1024	1051
1033	10
1033	1352
1033	3345
1033	5118
1051	21
1051	2463
1081	8
1081	68
1086	1
1086	1122
1096	5
1096	2888
1099	111
1099	424
1100	25
1100	1267
1102	9
1102	188
1103	11
1103	105
1103	119
1103	295
1118	14
1118	42
1118	109
1118	155
1118	2291
1134	13
1134	882
1137	170
1137	315
1137	750
1144	1
1144	4
1144	332
1144	877
1149	4
1149	80
1149	1181
1149	1259
1153	9
1153	69
1157	4
1157	5
1157	80
1157	4281
1170	4
1170	80
1170	6240
1177	9
1177	92
1177	137
1179	11
1179	3765
1185	2
1185	13
1185	119
1185	857
1185	3722
1185	5841
1188	4
1188	349
1197	11
1197	6224
1204	2
1204	1284
1209	11
1209	229
1209	685
1209	5744
1209	5746
1209	5750
1209	5753
1209	5756
1209	5759
1209	5762
1230	13
1230	13425
1233	93
1233	189
1250	5
1250	80
1250	4133
1269	9
1269	251
1271	5
1271	685
1279	8
1279	4556
1300	1
1300	921
1302	1
1302	11
1302	3506
1319	5
1319	703
1326	94
1326	1755
1328	30
1328	11481
1344	8
1344	1345
1346	8
1346	15
1346	342
1346	460
1352	16
1352	101
1352	364
1353	1
1353	11
1384	1
1384	1596
1412	3
1412	6
1412	6142
1449	242
1449	1978
1528	33
1528	5688
1563	8
1563	169
1609	8
1609	2729
1635	13
1635	20
1635	886
1636	13
1636	20
1636	2163
1637	13
1637	20
1637	3402
1637	6113
1638	13
1638	20
1638	2984
1639	13
1639	20
1639	3125
1640	13
1640	20
1640	6112
1641	13
1641	20
1641	2987
1642	13
1642	20
1642	2412
1643	13
1643	20
1643	2988
1644	13
1644	20
1644	3127
1645	13
1645	20
1645	2047
1646	13
1646	20
1646	1931
1647	13
1647	20
1647	2430
1647	5336
1648	13
1648	20
1648	3511
1649	13
1649	20
1649	2702
1650	13
1650	20
1650	2553
1651	13
1651	20
1651	2992
1652	13
1652	20
1652	3512
1653	13
1653	20
1653	2554
1693	11
1693	5578
1794	10
1794	5467
1798	267
1798	1335
1832	10
1832	1352
1832	3221
1832	5261
1861	30
1861	11481
1929	4
1929	80
1929	135
1944	10
1944	1352
1944	5265
1944	5276
1977	242
1977	1978
1983	4
1983	80
1983	2137
1984	4
1984	2137
2066	12453
2133	9
2133	60
2166	302
2166	5951
2225	1
2225	4225
2320	25
2320	5729
2378	302
2378	6102
2442	21
2442	6199
2463	4
2463	80
2463	5778
2469	21
2469	5778
2470	5830
2504	1
2504	24
2504	141
2504	2631
2512	1
2512	11
2512	5711
2512	6114
2532	9
2532	740
2565	8
2565	9
2565	1043
2576	4
2576	80
2576	11924
2593	10
2593	1352
2593	5259
2593	5273
2613	27
2613	161
2637	1
2637	230
2647	5935
2670	4
2670	80
2670	818
2739	2
2739	13
2739	119
2739	2741
2741	4896
2798	11
2798	26
2798	3167
2798	5672
2909	4
2909	80
2909	14099
2939	10
2939	1352
2939	3069
2939	5119
2972	4
2972	80
2972	2051
2987	6
2987	1641
2987	3741
3057	4
3057	80
3057	1606
3087	1
3087	3
3087	5548
3090	1
3090	8
3090	9
3090	64
3090	119
3090	3838
3120	69
3120	93
3175	9
3175	1269
3193	11
3193	12
3193	3363
3193	5695
3193	5844
3227	11
3227	5636
3240	6635
3283	10
3283	6442
3296	11
3296	14
3296	3415
3306	21
3306	4311
3356	1
3356	4309
3360	9
3360	870
3393	4
3393	6054
3406	62
3406	122
3453	11
3453	3589
3460	6000
3506	1
3506	78
3506	661
3543	9
3543	348
3546	9
3546	137
3561	6143
3638	13
3638	20
3638	4312
3657	11
3657	13
3657	5818
3657	13309
3793	1
3793	5546
3794	20
3794	122
3798	3633
3803	10
3803	4341
3826	4
3826	5406
3838	101
3838	4376
3880	66
3880	3523
3883	4896
3939	11
3939	229
3939	5744
3968	5
3968	3715
3979	22
3979	424
4006	9
4006	137
4039	1
4039	141
4085	615
4085	1096
4122	8
4122	9
4122	6509
4146	11
4146	13
4146	5809
4146	5818
4232	342
4232	3723
4253	894
4253	4570
4272	1
4272	5
4272	141
4272	4181
4272	6010
4302	108
4302	119
4302	1302
4332	117
4332	255
4332	4454
4332	4732
4376	8
4376	9
4376	25
4376	4640
4390	25
4390	5539
4405	1
4405	4
4405	3344
4405	3345
4411	1
4411	4
4411	80
4411	2631
4411	4236
4421	42
4421	666
4435	4
4435	80
4435	11944
4441	21
4441	4692
4454	5
4454	1268
4489	73
4489	4144
4556	8
4556	4752
4575	11
4575	5411
4575	5412
4618	5
4618	5744
4619	5
4619	5753
4620	5
4620	5750
4633	5
4633	5762
4640	8
4640	9
4640	3373
4644	1352
4644	5447
4652	105
4652	4688
4652	4824
4652	6022
4666	1
4666	64
4666	1267
4666	5569
4688	5
4688	5759
4691	9
4691	944
4738	33
4738	6022
4751	8
4751	9
4751	11
4751	3373
4751	4823
4760	1352
4760	5460
4807	13
4807	921
4823	122
4823	4677
4874	1
4874	5925
4895	13
4895	5925
4895	6148
4896	4916
4916	4677
4916	5569
5125	22
5125	68
5125	1136
5125	6006
5130	4
5130	80
5130	2835
5167	4
5167	5
5167	14
5167	80
5167	161
5196	1733
5196	5198
5196	5199
5196	5312
5197	1733
5197	5198
5197	5199
5197	5312
5200	11
5200	5800
5223	11
5223	229
5223	5759
5239	5516
5258	1
5258	4
5258	5259
5258	5272
5260	1
5260	4
5260	5261
5260	5273
5262	1
5262	4
5262	3221
5262	5263
5264	1
5264	4
5264	5265
5264	5275
5266	1
5266	4
5266	5267
5266	5276
5268	1
5268	4
5268	5269
5268	5271
5270	10
5270	1352
5270	5267
5270	5271
5274	10
5274	1352
5274	5263
5274	5275
5301	21
5301	5302
5335	9
5335	13
5335	20
5335	5336
5335	5691
5337	10
5337	4644
5338	10
5338	5596
5345	231
5345	279
5379	11
5379	26
5382	117
5382	231
5382	13378
5402	31
5402	124
5413	282
5413	5414
5414	5430
5427	11
5427	13
5427	13309
5444	4
5444	5445
5445	4
5445	80
5445	4554
5448	4
5448	5449
5450	4
5450	5467
5461	10
5461	5449
5522	21
5522	5523
5552	6250
5576	4
5576	5577
5578	5604
5593	1
5593	3
5593	1161
5601	22
5601	232
5634	4
5634	80
5634	5635
5654	4
5654	5
5654	80
5654	5655
5665	4
5665	99
5668	1
5668	2
5668	10
5668	894
5668	1013
5684	5686
5684	5687
5685	5686
5685	5687
5688	9
5688	33
5688	42
5688	5699
5689	12
5689	5695
5691	5692
5691	5694
5692	212
5692	5698
5693	5692
5693	5694
5694	5693
5694	11433
5697	13
5697	5686
5700	33
5700	5699
5701	42
5701	5699
5702	9
5702	5699
5713	293
5713	5712
5745	11
5745	229
5745	5746
5747	5
5747	5746
5749	11
5749	229
5749	5750
5752	11
5752	229
5752	5753
5755	11
5755	229
5755	5756
5757	5
5757	5756
5761	11
5761	229
5761	5762
5771	6508
5776	3167
5776	6453
5801	21
5801	5802
5803	21
5803	5804
5809	11
5809	5810
5813	21
5813	5814
5816	22
5816	68
5816	5817
5818	21
5818	828
5818	6245
5839	31
5839	5838
5889	8
5889	9
5889	5890
5893	8
5893	9
5893	5894
5898	8
5898	9
5898	5899
5922	58
5922	5923
5923	6148
5931	25
5931	42
5936	4
5936	80
5936	2946
5947	25
5947	5946
5983	20
5983	100
5985	4
5985	804
5993	20
5993	24
5994	24
5994	6255
5998	1
5998	3069
6001	4
6001	80
6001	6002
6002	4
6002	2170
6006	14463
6007	1
6007	5
6007	80
6007	671
6007	14463
6010	22
6010	4181
6010	5125
6021	11
6021	6020
6026	6251
6026	6253
6055	9
6055	6056
6056	11
6056	6057
6104	13
6104	20
6104	14143
6123	6124
6145	4
6145	6144
6202	4
6202	805
6206	9
6206	180
6235	1371
6235	2734
6251	6025
6251	6252
6319	11
6319	21
6319	6408
6367	11
6367	6368
6406	21
6406	6407
6407	21
6407	6416
6408	6399
6452	3167
6452	6453
6505	9
6505	13
6505	6506
6507	8
6507	9
6507	6508
6507	6509
6548	4
6548	24
6548	80
6581	11
6581	6582
6641	6640
6670	13
6670	20
6670	6671
6715	24
6715	527
6749	4
6749	80
6749	9821
6754	4
6754	6755
6899	1
6899	3
6899	7490
7114	13
7114	20
7114	7118
7118	24
7118	512
7281	986
7281	7282
7836	8
7836	11472
7838	13
7838	6397
8604	12095
8639	12096
9812	4
9812	80
9812	9813
9819	4
9819	80
9819	9820
9820	91
9820	512
9822	13
9822	20
9822	9823
10905	5659
10905	5831
11356	13
11356	4574
11356	5859
11405	1
11405	8
11405	9
11405	13
11405	20
11405	11407
11419	11421
11426	22
11426	11427
11427	4
11427	80
11427	3203
11432	5693
11432	11433
11519	58
11519	571
11538	21
11538	11539
11539	21
11539	11540
11540	21
11540	11541
11541	21
11541	84
11541	11542
11543	11
11543	21
11543	11545
11545	5773
11924	1
11924	8
11924	9
11924	13
11924	20
11924	11929
11942	4
11942	80
11942	11943
11943	9
11943	20
11943	11945
11944	9
11944	20
11944	11946
11945	11947
11946	11947
11948	100
11948	11949
12214	5382
12214	12215
12449	20
12449	12450
12986	8
12986	12987
12987	6
12987	9
12987	12988
12988	26
12988	12989
12989	33
12989	47
13309	21
13309	2059
13378	68
13378	231
13638	4
13638	80
13638	10700
14087	4
14087	80
14087	14088
14089	4
14089	80
14089	14090
14090	4
14090	80
14090	14091
14097	11
14097	805
14099	4
14099	80
14099	14101
14108	4
14108	80
14108	14109
14116	80
14116	14117
14119	91
14119	14120
14143	1352
14143	14144
14144	14145
14145	4
14145	80
14145	2232
