1	1
1	2
1	3
1	4
1	5
1	8
1	9
1	11
1	13
1	14
1	15
1	20
1	21
1	22
1	25
1	30
1	35
1	44
1	49
1	60
1	63
1	65
1	66
1	69
1	74
1	75
1	80
1	84
1	86
1	94
1	101
1	105
1	112
1	134
1	135
1	137
1	138
1	139
1	144
1	152
1	155
1	169
1	185
1	188
1	197
1	212
1	214
1	252
1	255
1	262
1	294
1	299
1	330
1	342
1	348
1	365
1	387
1	405
1	438
1	454
1	460
1	475
1	559
1	617
1	645
1	655
1	740
1	760
1	862
1	870
1	881
1	1024
1	1081
1	1083
1	1274
1	1762
1	2741
1	3058
1	3150
1	3453
1	3516
1	3523
1	3589
1	3723
1	3802
1	3895
1	4640
1	4734
1	4824
1	4896
1	5359
1	5411
1	5412
1	5448
1	5601
1	5684
1	5691
1	5698
1	5817
1	5841
1	5925
1	6017
1	6056
1	6201
1	6240
1	6547
1	6714
1	7838
1	9812
1	9819
1	9824
1	11427
1	11537
1	11542
1	11824
1	11934
1	13952
1	14087
1	14096
1	14108
1	14118
2	2
2	3
2	6
2	8
2	9
2	13
2	14
2	15
2	20
2	24
2	25
2	36
2	40
2	44
2	46
2	63
2	64
2	68
2	74
2	75
2	80
2	81
2	91
2	112
2	117
2	119
2	131
2	139
2	144
2	152
2	154
2	169
2	201
2	206
2	236
2	252
2	286
2	363
2	415
2	458
2	459
2	460
2	531
2	562
2	575
2	705
2	857
2	882
2	886
2	1107
2	1159
2	1345
2	1346
2	1931
2	2047
2	2163
2	2412
2	2430
2	2553
2	2554
2	2702
2	2729
2	2839
2	2984
2	2987
2	2988
2	2992
2	3082
2	3127
2	3175
2	3373
2	3406
2	3511
2	3512
2	3516
2	3838
2	4030
2	4133
2	4312
2	4640
2	4681
2	4823
2	4877
2	5336
2	5359
2	5691
2	5820
2	5890
2	5894
2	5899
2	5983
2	5993
2	6112
2	6113
2	6189
2	6504
2	6507
2	6509
2	6547
2	12987
3	4
3	6
3	8
3	11
3	24
3	36
3	80
3	111
3	135
3	236
3	248
3	399
3	441
3	617
3	655
3	691
3	1179
3	1929
3	2051
3	2137
3	3232
3	3340
3	3912
3	4236
3	4281
3	5406
3	5449
3	5467
3	5778
3	6054
3	6240
3	9813
3	9821
3	10700
3	13952
4	1
4	3
4	30
4	5548
4	6142
5	1
5	6
5	11
5	13
5	80
5	1641
5	3741
5	4039
5	5235
5	5394
5	5421
5	5585
5	6142
5	11543
6	5
6	11
6	24
6	26
6	64
6	80
6	111
6	197
6	236
6	343
6	356
6	441
6	688
6	1268
6	2637
6	2652
6	2888
6	3082
6	3340
6	3715
6	3912
6	4133
6	4181
6	4281
6	5344
6	5379
6	6010
6	6017
6	6320
6	14463
7	1
7	6
7	11
7	27
7	80
7	295
7	5585
7	6635
8	1
8	2
8	8
8	80
8	697
8	1284
8	1801
8	5359
8	5841
9	1
9	2
9	4
9	5
9	73
9	80
9	117
9	147
9	236
9	697
9	3082
9	4133
9	4188
9	4454
9	5359
9	5925
10	1
10	4
10	5
10	8
10	9
10	11
10	13
10	20
10	24
10	36
10	40
10	58
10	80
10	91
10	100
10	138
10	141
10	154
10	356
10	531
10	6255
11	1
11	3
11	10
11	22
11	26
11	68
11	119
11	139
11	3722
11	3981
11	5516
11	5548
11	5604
11	5935
11	6640
12	6250
13	1
13	2
13	9
13	64
13	73
13	106
13	108
13	119
13	147
13	242
13	295
13	3722
13	4051
14	1
14	2
14	8
14	9
14	22
14	63
14	64
14	80
14	108
14	697
14	5359
14	5890
14	5894
14	5899
15	8
15	75
16	122
16	1352
17	1
17	8
17	562
17	5546
19	1
19	2
19	11
19	21
19	73
19	84
19	828
19	1152
19	1733
19	2059
19	2463
19	2967
19	3391
19	4156
19	4158
19	4311
19	4692
19	5198
19	5199
19	5302
19	5312
19	5523
19	5778
19	5802
19	5804
19	5814
19	6199
19	6245
19	6407
19	6408
19	6416
19	11539
19	11540
19	11541
19	11542
19	11545
20	8
20	9
20	119
20	147
20	212
21	155
21	212
22	1
22	4
22	5
22	8
22	9
22	11
22	20
22	24
22	36
22	74
22	251
22	3340
22	3589
22	3981
22	6201
22	6203
22	6762
24	10
24	11
24	22
24	139
24	264
24	332
24	624
24	1077
24	2232
24	3344
24	3939
24	4341
24	5259
24	5261
24	5263
24	5265
24	5267
24	5269
24	6020
25	1
25	5
25	8
25	9
25	10
25	11
25	13
25	20
25	26
25	64
25	77
25	80
25	119
25	138
25	334
25	415
25	624
25	2987
25	5167
25	5569
25	5672
25	6112
25	12989
26	25
26	36
26	141
26	166
26	233
26	302
26	671
26	957
26	1179
26	1250
26	1267
26	3465
26	5527
26	5528
26	5539
26	5946
26	6102
28	3
28	11
28	30
28	122
28	244
28	862
29	15
29	52
29	689
29	6040
33	13
33	20
33	24
33	5993
35	8
35	44
35	201
37	8
37	9
37	13
37	20
37	65
37	101
37	1259
37	2412
37	3838
39	13
39	21
39	39
39	2967
40	10
40	264
41	13
41	20
41	886
42	8
42	9
42	30
42	91
42	122
42	1352
43	15
43	105
43	645
43	1170
43	4500
43	4937
44	9
44	13
44	35
44	46
44	96
44	942
44	3794
46	13
46	46
47	13
47	20
47	1931
49	8
49	9
49	13
49	20
49	25
49	35
49	36
49	152
49	438
49	2984
49	3082
49	3406
49	3794
49	4823
49	6113
52	4
52	15
52	80
52	617
52	1290
52	3733
52	6126
55	8
55	9
55	112
55	475
58	4
58	10
58	11
58	22
58	80
61	9
61	255
62	11
62	13
62	20
62	179
62	2163
63	13
63	14
63	46
63	75
63	513
64	3
64	8
64	9
64	13
64	20
64	22
64	25
64	63
64	108
64	144
64	152
64	169
64	352
64	4640
64	6507
65	1
65	13
65	20
65	55
65	78
65	661
65	2553
65	2737
65	5820
66	21
66	4156
66	4158
67	6019
68	9
68	22
68	1081
68	5125
73	13
73	20
73	2430
74	9
74	1269
75	8
75	9
75	13
75	25
75	29
75	46
75	63
77	9
77	14
77	148
77	327
78	13
78	20
78	3512
79	13
79	20
79	25
79	166
79	3511
80	1
80	3
80	6
80	7
80	8
80	9
80	13
80	14
80	27
80	139
80	282
80	1641
80	3741
80	4039
80	5360
80	5361
80	5421
80	5548
80	5778
80	6142
80	6547
80	11543
80	14818
82	11
82	13
82	20
82	25
82	483
82	1179
82	2839
84	1
84	1548
84	3589
85	25
85	352
87	120
88	30
88	126
88	244
91	10
91	26
91	139
91	2232
92	15
92	689
93	4
93	5
93	13
93	55
93	80
93	111
93	513
93	3892
96	1
96	35
96	1222
96	2492
96	3862
96	4615
97	302
97	957
100	10
100	3344
100	4644
100	5449
100	5467
103	13
103	29
103	842
104	8
104	81
105	8
105	9
105	15
105	106
105	119
105	299
106	1
106	1168
109	11
109	58
109	68
109	100
109	138
109	6006
110	35
110	105
110	3862
110	4500
112	8
112	63
117	1
117	20
117	119
117	199
117	1168
118	4
118	5
118	80
118	111
118	197
118	236
118	3506
120	13
120	20
120	4681
121	8
121	117
123	13
123	20
123	25
123	233
123	2047
125	126
125	244
129	13
129	235
129	341
129	448
129	4574
129	5859
129	11356
130	4
130	9
130	35
130	80
130	294
130	655
130	3794
130	4734
131	2
131	13
131	39
131	342
135	13
135	20
135	21
135	1152
135	2988
136	10
136	5269
137	4
137	691
138	8
138	9
138	10
138	14
138	22
138	26
138	139
138	6547
139	1
139	11
139	26
139	64
139	94
139	100
139	138
139	5684
143	65
143	101
143	364
143	415
144	9
144	119
144	242
144	387
144	5775
144	6510
146	1371
146	2734
147	14
147	262
148	4
148	5
148	13
148	20
148	80
148	2702
148	3912
149	1
149	4
149	36
149	80
149	122
152	14
152	49
155	73
155	4144
156	13
156	251
156	5809
156	13425
158	1
158	24
158	36
161	26
161	5167
163	13
163	5983
169	9
169	327
169	438
170	147
170	4188
173	11
173	229
173	685
175	8
175	9
175	6504
177	1755
177	5330
177	5717
179	86
179	134
183	13
183	20
183	25
183	141
183	2554
188	13
188	20
188	2992
194	5775
194	6510
196	13
196	4030
197	4
197	8
197	80
197	236
197	3232
199	6019
201	13
201	46
203	4
203	80
203	13952
206	8
206	131
206	342
222	11
222	84
229	10
229	3939
232	6201
235	13
235	341
236	1159
237	11
237	30
239	8
239	9
239	705
239	881
241	14
241	60
244	88
244	399
249	13
249	20
249	154
251	1
251	22
251	25
251	108
251	254
252	8
252	9
252	252
254	1
254	4
254	11
254	80
254	166
254	1179
263	4
263	5
263	10
263	80
263	441
263	1077
269	55
269	2737
269	3892
275	636
281	7836
282	1
282	2
282	80
282	697
282	1080
282	5359
283	94
283	138
286	13
286	39
286	44
286	342
288	8
288	9
288	25
288	36
288	169
305	8
305	9
305	80
305	3516
311	5
311	11
311	26
311	80
311	5379
315	986
315	7282
320	94
320	1755
327	13
327	20
327	3406
337	27
337	295
337	438
341	13
341	448
342	5
342	80
342	343
343	2
343	8
343	15
343	35
343	44
343	63
343	75
343	112
343	342
343	3723
343	3802
343	3895
346	6124
347	13
347	20
347	40
348	105
348	4851
348	5888
348	5897
353	13
353	80
353	3427
355	11
355	3758
360	8
360	9
360	206
360	559
361	8
361	35
361	286
361	342
362	9
362	330
363	8
363	459
364	8
364	9
364	214
364	363
365	8
365	364
365	415
365	1346
390	4
390	80
390	88
390	399
407	13
407	20
407	25
407	671
407	3127
407	3465
418	5
418	8
418	356
418	1107
430	1
430	931
430	3741
437	25
437	77
437	624
437	1250
441	1
441	5
441	80
441	3082
441	3340
448	13
448	11356
455	3
455	9
455	13
455	3150
458	13
458	14
458	39
458	63
458	342
458	460
459	13
459	39
459	842
460	13
460	75
460	342
460	365
463	1
463	78
463	3506
479	6762
490	8
490	9
490	531
493	5
493	8
493	80
493	2637
493	2652
493	3175
506	302
506	5528
544	1
544	6
544	11
544	80
544	5585
546	6
546	5235
579	4
579	248
597	4
597	3232
606	302
606	5527
623	4
623	5
623	80
623	111
624	8
624	4133
631	1
631	8
631	74
631	197
631	1159
632	5831
636	13
636	96
655	9
655	13
655	20
655	25
655	144
655	1762
666	680
668	15
668	689
673	2
673	84
673	118
673	1801
677	13
677	39
680	8
680	9
680	11
680	47
680	4877
687	688
687	5344
689	9
689	1083
692	8
692	9
692	4877
697	8
697	9
697	14
697	139
697	5360
699	9
699	454
704	7
704	27
705	8
705	112
705	342
705	458
748	5778
748	14818
760	185
760	760
780	5659
787	13
787	20
787	2839
794	615
794	1096
811	11
811	5627
821	21
821	3391
826	1
826	11
826	79
842	1
842	5
842	80
842	687
842	2097
842	6017
842	11907
856	21
856	2967
857	3
857	13
857	20
857	25
860	4
860	80
860	135
860	1929
876	1080
876	4330
885	22
885	68
885	5817
900	6
900	22
900	4039
900	5125
921	8
921	9
921	415
931	14
931	1024
944	1
944	2637
962	6
962	5394
1001	11
1001	30
1001	862
1001	1274
1005	9
1005	65
1024	1
1024	1051
1051	21
1051	2463
1080	876
1080	4488
1081	8
1081	68
1096	5
1096	2888
1099	111
1099	424
1100	25
1100	1267
1101	3291
1102	9
1102	188
1103	11
1103	105
1103	119
1103	295
1134	13
1134	882
1149	1259
1153	9
1153	69
1157	4
1157	5
1157	80
1157	4281
1159	8
1159	9
1159	6189
1170	4
1170	80
1170	6240
1177	9
1177	92
1177	137
1179	11
1179	3765
1185	2
1185	9
1185	13
1185	119
1185	857
1185	3722
1185	5841
1190	15
1190	1290
1197	11
1197	6224
1204	2
1204	1284
1209	11
1209	229
1209	685
1209	5744
1209	5746
1209	5750
1209	5753
1209	5756
1209	5759
1209	5762
1217	862
1217	1274
1230	13
1230	13425
1250	5
1250	80
1250	4133
1269	9
1269	251
1278	11
1278	3586
1302	1
1302	11
1302	3506
1326	94
1326	1755
1344	8
1344	1345
1346	8
1346	15
1346	342
1346	460
1353	1
1353	11
1412	3
1412	6
1412	6142
1449	242
1449	1978
1528	1
1528	138
1528	5684
1548	8
1548	9
1548	139
1548	6547
1609	8
1609	2729
1635	13
1635	20
1635	886
1636	13
1636	20
1636	2163
1637	13
1637	20
1637	6113
1638	13
1638	20
1638	2984
1640	13
1640	20
1640	6112
1641	13
1641	20
1641	2987
1642	13
1642	20
1642	2412
1643	13
1643	20
1643	2988
1644	13
1644	20
1644	3127
1645	13
1645	20
1645	2047
1646	13
1646	20
1646	1931
1647	13
1647	20
1647	2430
1647	5336
1648	13
1648	20
1648	3511
1649	13
1649	20
1649	2702
1650	13
1650	20
1650	2553
1651	13
1651	20
1651	2992
1652	13
1652	20
1652	3512
1653	13
1653	20
1653	2554
1693	11
1693	5578
1794	10
1794	5467
1817	1755
1817	5330
1817	5717
1832	10
1832	5261
1909	120
1929	4
1929	80
1929	135
1944	10
1944	5265
1977	242
1977	1978
1984	4
1984	2137
2191	8
2191	9
2191	80
2191	3516
2220	14
2220	3453
2378	302
2378	6102
2411	3058
2442	21
2442	6199
2463	4
2463	80
2463	5778
2469	21
2469	5778
2470	5830
2492	35
2492	2492
2501	3453
2504	1
2504	24
2504	141
2504	2631
2532	9
2532	740
2593	10
2593	5259
2637	1
2637	230
2647	5935
2686	15
2686	6126
2730	5817
2737	11
2737	350
2739	2
2739	13
2739	119
2739	2741
2741	4896
2743	3800
2743	11475
2798	11
2798	26
2798	3167
2798	5672
2972	4
2972	80
2972	2051
2987	6
2987	1641
2987	3741
3023	342
3023	3895
3063	5600
3063	5601
3063	6201
3087	1
3087	3
3087	5548
3090	1
3090	8
3090	9
3090	64
3090	119
3090	3838
3103	8249
3175	9
3175	1269
3227	11
3227	5636
3240	6635
3296	11
3296	14
3296	3415
3306	21
3306	4311
3319	5
3319	688
3356	1
3356	4309
3360	9
3360	870
3393	4
3393	6054
3406	62
3406	122
3427	6
3427	13
3427	5421
3451	51
3451	546
3453	11
3453	3589
3506	1
3506	78
3506	661
3543	9
3543	348
3546	9
3546	137
3576	1217
3576	3920
3638	13
3638	20
3638	4312
3657	11
3657	13
3657	5818
3657	13309
3793	1
3793	5546
3794	20
3794	122
3798	3633
3803	10
3803	4341
3826	4
3826	5406
3880	66
3880	3523
3883	4896
3920	1438
3920	4832
3939	11
3939	229
3939	5744
3968	5
3968	3715
3972	4
3972	5
3972	80
3972	3340
3979	22
3979	424
4006	9
4006	137
4039	1
4039	141
4046	15
4046	6040
4085	615
4085	1096
4115	1
4115	4324
4121	55
4121	6024
4121	6025
4122	8
4122	9
4122	6509
4146	11
4146	13
4146	5809
4146	5818
4184	1
4184	5854
4232	342
4232	3723
4250	3800
4250	11475
4272	1
4272	5
4272	141
4272	4181
4272	6010
4283	342
4283	3802
4302	108
4302	119
4302	1302
4330	1274
4332	117
4332	255
4332	4454
4332	4732
4376	8
4376	9
4376	25
4376	4640
4377	876
4377	1080
4377	4330
4377	4488
4390	25
4390	5539
4411	1
4411	4
4411	80
4411	2631
4411	4236
4441	21
4441	4692
4454	5
4454	1268
4488	1217
4488	3920
4489	73
4489	4144
4537	35
4537	4615
4575	11
4575	5411
4575	5412
4628	1438
4628	4832
4640	8
4640	9
4640	3373
4652	105
4652	4824
4666	1
4666	64
4666	1267
4666	5569
4677	119
4677	4051
4702	105
4702	4851
4735	13
4735	20
4735	4681
4751	8
4751	9
4751	11
4751	3373
4751	4823
4823	122
4823	4677
4832	3576
4832	4628
4832	11903
4846	105
4846	5888
4874	1
4874	5925
4882	105
4882	5897
4895	13
4895	5925
4896	4916
4914	15
4914	4937
4919	55
4919	6024
5125	22
5125	68
5125	6006
5196	1733
5196	5198
5196	5199
5196	5312
5197	1733
5197	5198
5197	5199
5197	5312
5200	11
5200	5800
5223	11
5223	229
5223	5759
5226	11
5226	14
5226	405
5239	5516
5270	10
5270	5267
5274	10
5274	5263
5301	21
5301	5302
5335	9
5335	13
5335	20
5335	5336
5335	5691
5337	10
5337	4644
5359	14
5359	282
5359	5360
5359	5361
5360	5361
5361	14
5379	11
5379	26
5386	5
5386	5344
5427	11
5427	13
5427	13309
5447	5448
5448	4
5448	5449
5450	1
5450	4
5450	5460
5450	5467
5461	10
5461	5449
5522	21
5522	5523
5528	11
5528	593
5552	6250
5578	5604
5600	5601
5600	6201
5601	22
5601	232
5635	5832
5691	5692
5691	5694
5692	212
5692	5698
5693	5692
5693	5694
5694	5693
5694	11433
5745	11
5745	229
5745	5746
5749	11
5749	229
5749	5750
5752	11
5752	229
5752	5753
5755	11
5755	229
5755	5756
5761	11
5761	229
5761	5762
5771	6508
5776	3167
5776	6453
5801	21
5801	5802
5803	21
5803	5804
5809	11
5809	5810
5813	21
5813	5814
5816	22
5816	68
5816	5817
5818	21
5818	828
5818	6245
5889	8
5889	9
5889	5890
5893	8
5893	9
5893	5894
5898	8
5898	9
5898	5899
5921	20
5921	6250
5947	25
5947	5946
5983	20
5983	100
5993	20
5993	24
5994	24
5994	6255
6006	14463
6007	1
6007	5
6007	80
6007	671
6007	14463
6010	22
6010	4181
6010	5125
6019	85
6021	11
6021	6020
6024	55
6024	6025
6055	9
6055	6056
6056	11
6056	6057
6059	14
6059	11824
6123	6124
6202	6203
6235	1371
6235	2734
6249	20
6249	6250
6319	5
6319	11
6319	21
6319	6320
6319	6408
6406	21
6406	6407
6407	21
6407	6416
6408	6399
6442	1
6442	6231
6452	3167
6452	6453
6503	8
6503	9
6503	6504
6506	8
6506	9
6506	25
6506	6507
6507	8
6507	9
6507	6508
6507	6509
6548	4
6548	24
6548	80
6581	11
6581	6582
6641	6640
6723	6714
6749	4
6749	80
6749	9821
6749	9824
7281	986
7281	7282
7292	6697
7292	7293
8604	8639
9811	9812
9812	4
9812	80
9812	9813
9818	9819
10905	5659
10905	5831
11215	6697
11215	7293
11356	13
11356	4574
11356	5859
11426	22
11426	11427
11432	5693
11432	11433
11472	9
11472	7838
11536	9
11536	11537
11538	21
11538	11539
11539	21
11539	11540
11540	21
11540	11541
11541	21
11541	84
11541	11542
11542	6
11542	11543
11543	11
11543	21
11543	11545
11545	5773
11904	3576
11904	4628
11904	11903
11907	688
11929	11934
12095	12096
12986	8
12986	12987
12988	26
12988	12989
13309	21
13309	2059
13638	4
13638	80
13638	10700
14086	22
14086	14087
14095	22
14095	14096
14097	11
14097	805
14107	22
14107	14108
14117	14118
