1	1
1	2
1	3
1	4
1	5
1	8
1	9
1	13
1	14
1	15
1	17
1	20
1	21
1	22
1	25
1	30
1	31
1	33
1	35
1	42
1	44
1	49
1	58
1	60
1	63
1	65
1	66
1	67
1	69
1	75
1	80
1	84
1	85
1	92
1	93
1	95
1	101
1	105
1	112
1	114
1	117
1	121
1	132
1	137
1	144
1	147
1	155
1	167
1	169
1	180
1	189
1	197
1	221
1	234
1	241
1	252
1	255
1	267
1	283
1	293
1	299
1	327
1	342
1	348
1	352
1	365
1	438
1	439
1	488
1	526
1	530
1	543
1	585
1	655
1	668
1	760
1	870
1	1113
1	1172
1	1335
1	1419
1	1962
1	2323
1	2336
1	3058
1	3089
1	3341
1	3453
1	3523
1	3539
1	3723
1	3802
1	3895
1	4376
1	4546
1	4640
1	4691
1	4734
1	4824
1	4895
1	5116
1	5402
1	5404
1	5448
1	5601
1	5691
1	5698
1	5712
1	5817
1	5838
1	5922
1	5923
1	5925
1	6000
1	6147
1	6148
1	6201
1	6377
1	6714
1	7838
1	9812
1	9819
1	9824
1	10858
1	11427
1	11440
1	11542
1	11934
1	11947
1	14087
1	14096
1	14108
1	14118
1	14145
2	3
2	6
2	8
2	9
2	10
2	11
2	13
2	15
2	16
2	20
2	25
2	35
2	46
2	55
2	61
2	63
2	64
2	74
2	83
2	85
2	92
2	93
2	105
2	111
2	112
2	119
2	129
2	144
2	152
2	169
2	206
2	227
2	234
2	236
2	252
2	354
2	361
2	362
2	363
2	364
2	365
2	415
2	416
2	447
2	562
2	668
2	692
2	705
2	857
2	882
2	886
2	993
2	1107
2	1134
2	1143
2	1172
2	1212
2	1346
2	1931
2	2047
2	2163
2	2412
2	2430
2	2553
2	2554
2	2702
2	2729
2	2839
2	2876
2	2984
2	2987
2	2988
2	2992
2	3125
2	3127
2	3175
2	3287
2	3373
2	3402
2	3492
2	3511
2	3512
2	3541
2	3785
2	3838
2	4030
2	4260
2	4334
2	4352
2	4419
2	4442
2	4494
2	4640
2	4681
2	4702
2	4734
2	4752
2	4807
2	4823
2	4846
2	4877
2	4882
2	5336
2	5345
2	5378
2	5691
2	5820
2	5890
2	5894
2	5899
2	5928
2	5929
2	6112
2	6113
2	9332
3	4
3	6
3	8
3	11
3	20
3	22
3	24
3	42
3	71
3	80
3	84
3	109
3	111
3	127
3	136
3	164
3	167
3	184
3	236
3	248
3	415
3	455
3	504
3	577
3	655
3	709
3	957
3	1062
3	2051
3	3912
3	4281
3	4631
3	5445
3	5577
3	14090
3	14099
4	1
4	3
4	7490
6	5
6	11
6	14
6	22
6	24
6	42
6	80
6	111
6	127
6	144
6	197
6	236
6	343
6	356
6	415
6	445
6	504
6	577
6	685
6	688
6	966
6	1062
6	2637
6	2652
6	3287
6	3341
6	3912
6	4281
6	4631
6	5344
6	5744
6	5746
6	5750
6	5753
6	5756
6	5759
6	5762
6	5765
7	27
7	111
7	295
7	6635
8	2
8	1284
8	5841
9	1
9	2
9	4
9	5
9	8
9	10
9	11
9	15
9	35
9	46
9	73
9	74
9	80
9	103
9	106
9	112
9	147
9	153
9	227
9	236
9	242
9	253
9	262
9	277
9	385
9	442
9	465
9	672
9	718
9	2876
9	3287
9	5765
9	5925
10	1
10	4
10	5
10	11
10	24
10	54
10	58
10	91
10	100
10	136
10	229
10	332
10	356
10	512
10	527
10	3112
10	11949
10	14120
11	8
11	22
11	68
11	119
11	169
11	3722
12	6250
13	1
13	2
13	9
13	64
13	73
13	106
13	119
13	147
13	242
13	253
13	262
13	295
13	385
13	3722
13	4051
14	1
14	5
14	8
14	9
14	13
14	20
14	22
14	63
14	64
14	80
14	108
14	144
14	152
14	169
14	5890
14	5894
14	5899
17	1
17	8
17	562
17	5546
19	1
19	2
19	11
19	21
19	73
19	84
19	828
19	1079
19	1152
19	1733
19	2059
19	3391
19	4157
19	4160
19	4728
19	5198
19	5199
19	5302
19	5312
19	5802
19	5804
19	5814
19	6199
19	6245
19	11542
20	8
20	119
20	147
21	147
21	3539
22	4
22	5
22	8
22	11
22	15
22	24
22	35
22	74
22	104
22	112
22	206
22	361
22	454
22	1136
22	3589
22	6201
22	6203
24	8
24	9
24	10
24	22
24	33
24	83
24	227
24	332
24	566
24	979
24	1136
24	2727
24	3341
24	3939
24	4256
24	4341
24	5135
24	5269
24	6250
24	6442
25	1
25	8
25	9
25	13
25	20
25	64
25	119
25	217
25	415
25	2987
25	3287
25	3541
25	5928
25	5929
25	6112
25	9332
26	25
26	36
26	141
26	166
26	233
26	302
26	671
26	957
26	1179
26	3465
26	5527
26	5528
26	5946
27	1
27	127
28	30
28	67
28	543
29	4
29	80
29	167
30	28
30	41
30	1528
31	8
31	92
31	615
31	668
33	8
33	13
33	20
33	24
33	164
33	227
33	246
33	2403
33	4334
36	1
36	11
36	22
36	74
37	8
37	9
37	10
37	13
37	20
37	65
37	101
37	1259
37	2412
37	3838
37	5596
37	5598
39	13
39	39
40	24
40	2403
41	8
41	9
41	10
41	13
41	20
41	133
41	886
41	1212
41	3341
43	9
43	15
43	518
43	4631
43	5893
43	5898
44	1
44	9
44	13
44	20
44	35
44	46
44	55
44	58
44	74
44	105
44	3794
44	4494
44	4895
44	5922
46	8
46	13
46	15
46	35
46	46
46	112
47	10
47	13
47	20
47	1931
47	2727
49	8
49	9
49	13
49	20
49	25
49	35
49	36
49	152
49	438
49	2984
49	3794
49	4823
49	6113
51	1
51	4
51	5
51	25
51	80
51	127
51	1419
51	4742
51	4805
55	8
55	112
58	8
58	9
58	10
58	22
58	234
58	4734
61	9
61	13
61	16
61	255
62	13
62	14
62	20
62	327
62	2163
63	13
63	46
63	74
63	112
63	269
63	354
63	447
63	3785
64	3
64	8
64	9
64	13
64	20
64	22
64	25
64	63
64	108
64	144
64	169
64	352
64	4640
64	11355
65	1
65	10
65	13
65	14
65	20
65	22
65	979
65	2218
65	2553
65	5820
66	13
66	21
66	4157
66	4160
66	4432
66	4728
67	6019
68	117
68	13378
73	13
73	20
73	2430
74	9
74	22
74	1269
74	4085
74	4631
74	4691
75	8
75	9
75	13
75	15
75	25
75	29
75	43
75	46
75	55
75	63
75	74
75	105
75	354
75	447
75	3785
77	9
77	327
78	13
78	20
78	3512
79	13
79	20
79	25
79	166
79	3511
80	1
80	3
80	7
80	11
80	27
80	33
80	94
80	97
80	343
80	3291
80	7490
81	55
81	74
81	104
81	105
81	354
81	447
81	3785
82	13
82	20
82	25
82	1179
82	2839
83	10
83	1209
84	1
84	4
84	24
84	1548
84	3589
85	8
85	15
85	25
85	104
85	112
85	231
85	279
85	352
85	354
89	267
89	615
89	2336
89	2591
92	85
93	4
93	5
93	27
93	55
93	80
93	111
93	3892
95	8
95	85
95	615
95	1094
95	5345
97	13
97	14
97	20
97	22
97	283
97	302
97	957
97	3125
100	10
100	2876
101	4
101	5
101	8
101	9
101	80
101	234
101	415
101	504
101	9332
103	13
103	29
103	842
105	8
105	15
105	106
105	119
106	1
106	1168
109	58
109	100
116	4
116	5
116	8
116	80
116	93
116	184
116	577
117	1
117	20
117	119
117	199
117	1168
117	5382
117	12215
118	4
118	5
118	68
118	80
118	85
118	111
118	117
118	197
118	231
118	236
118	279
120	13
120	20
120	4681
123	13
123	20
123	25
123	233
123	2047
128	55
128	6138
128	6139
129	13
129	235
129	341
129	448
129	4432
129	4574
130	4
130	5
130	9
130	35
130	80
130	119
130	144
130	262
130	655
130	3794
130	4734
131	2
131	13
131	39
131	55
131	74
131	105
131	206
131	342
133	8
133	9
133	13
133	20
133	993
133	4260
135	13
135	14
135	20
135	21
135	785
135	1152
135	2988
136	10
136	24
136	246
136	5269
140	357
140	615
141	11
141	4424
143	5
143	65
143	101
143	364
143	415
143	445
144	8
144	35
144	119
144	242
146	1371
146	2734
148	4
148	5
148	13
148	20
148	80
148	2702
148	3912
149	4
149	5
149	11
149	22
152	13
152	14
152	20
152	49
152	3402
158	33
158	36
158	566
159	275
159	615
163	8
163	2876
167	15
167	518
169	9
169	327
169	438
170	147
170	3089
173	11
173	229
173	685
177	1755
177	5330
177	5717
183	13
183	20
183	25
183	141
183	2554
184	8
184	111
185	221
186	4
186	22
186	80
188	13
188	20
188	2992
195	55
195	5681
195	6062
196	13
196	4030
197	8
197	236
199	231
199	6019
201	13
201	46
204	8
204	4442
206	8
206	342
208	615
208	2995
212	147
212	442
214	8
214	364
217	8
217	9
217	692
221	8
221	1172
226	4
226	71
226	80
227	9
227	33
229	10
229	1209
229	3939
229	4688
229	6022
229	6025
229	6251
229	6252
229	6253
232	4
232	5
232	42
232	80
232	6201
234	8
234	9
234	101
234	3294
234	4376
234	4734
234	5928
235	13
235	341
236	9
236	197
236	1159
239	8
239	14
239	365
239	705
241	14
241	60
243	615
243	5396
247	615
247	2888
248	11
248	68
248	1136
248	4424
251	1
251	22
251	25
251	108
251	254
251	11355
252	8
252	9
252	252
255	8
255	61
257	4
257	5
257	1062
267	8
267	668
269	55
269	3892
269	5980
270	22
270	645
275	85
275	636
275	5345
277	103
277	208
277	277
279	9
279	4691
281	8
281	15
281	104
281	112
281	447
281	7836
283	33
283	97
286	13
286	39
286	44
286	55
286	74
286	105
286	342
286	361
288	8
288	9
288	25
288	83
288	169
288	4419
293	208
294	262
294	442
299	8
299	15
299	35
299	104
299	105
299	106
299	206
299	361
299	363
299	442
299	705
299	1346
301	20
301	117
320	33
320	94
320	97
320	343
320	5824
329	352
329	615
330	8
330	242
330	362
330	672
332	24
332	164
337	27
337	295
337	438
341	13
341	448
342	5
342	33
342	80
342	94
342	97
342	343
343	2
343	8
343	15
343	35
343	44
343	63
343	75
343	112
343	342
343	3723
343	3802
343	3895
344	55
344	5980
346	6124
348	105
348	4851
348	5888
348	5897
352	14
352	85
354	111
354	118
356	1
356	24
356	332
357	33
357	352
357	4257
360	8
360	206
361	35
361	342
362	8
362	361
364	8
364	363
365	8
365	364
365	415
365	1346
369	103
369	718
387	242
387	442
388	10
388	5135
392	615
392	644
407	13
407	20
407	25
407	671
407	3127
407	3465
415	4
415	5
415	80
415	504
416	13
416	269
418	5
418	8
418	356
418	1107
432	4
432	709
439	25
439	488
445	80
445	101
445	234
445	4376
447	111
447	279
455	3
455	13
458	13
458	39
458	55
458	63
458	105
458	342
458	705
459	13
459	39
459	55
459	105
459	363
459	842
460	13
460	55
460	75
460	105
460	342
460	365
460	1346
469	4
469	80
469	84
475	8
475	14
475	15
475	35
475	55
475	104
475	206
475	299
475	361
475	363
475	705
475	1346
491	14
491	22
491	1962
492	95
492	5402
493	5
493	8
493	80
493	2637
493	2652
493	3175
506	302
506	5528
522	5
522	966
526	8
526	106
526	365
526	672
542	14
542	22
542	155
559	147
559	672
562	9
562	17
565	30
565	67
565	543
568	1
568	13
568	921
570	55
570	6062
579	4
579	10
579	248
579	1136
579	4424
579	5118
579	5119
582	10
582	5598
606	302
606	5527
615	22
615	4085
620	117
630	10
630	4424
631	1
631	74
631	197
632	5831
640	1
640	658
641	8
641	416
653	13
653	20
653	4260
655	13
655	20
655	25
655	119
655	144
655	385
664	14
664	445
668	1172
668	5345
670	93
670	114
672	673
673	84
673	118
677	13
677	39
680	8
680	9
680	4877
683	11
683	100
686	4136
687	688
687	5344
692	8
692	9
692	4877
699	74
699	454
704	7
704	27
705	112
705	342
729	12452
760	221
760	760
780	5659
787	13
787	20
787	2839
794	615
794	1096
821	21
821	3391
831	8
831	1134
842	1
842	687
842	11907
857	3
857	13
857	20
857	25
864	8
864	3492
877	5116
881	14
881	526
882	8
882	10
916	24
916	3112
921	8
921	9
921	415
944	1
944	2637
979	33
979	94
979	97
979	343
979	5688
979	5824
993	8
993	9
993	4702
993	4846
993	4882
1033	10
1033	5118
1050	4
1050	5
1050	8
1050	9
1050	80
1050	1212
1050	4631
1083	689
1086	1
1086	1122
1089	4
1089	80
1089	164
1094	8
1094	111
1094	577
1094	5378
1097	8
1097	15
1097	104
1097	112
1097	3785
1101	231
1101	3291
1103	11
1103	105
1103	119
1103	295
1107	8
1107	1143
1113	1097
1127	22
1127	48
1134	13
1134	882
1143	8
1143	9
1143	11
1143	129
1144	1
1144	877
1149	1259
1153	9
1153	69
1157	4
1157	5
1157	80
1157	4281
1165	5
1165	80
1165	3287
1167	9
1167	585
1172	5345
1177	9
1177	137
1185	2
1185	13
1185	119
1185	253
1185	857
1185	3722
1185	5841
1204	2
1204	1284
1209	11
1209	229
1209	685
1209	5744
1209	5746
1209	5750
1209	5753
1209	5756
1209	5759
1209	5762
1212	8
1212	9
1212	692
1233	93
1233	189
1269	9
1269	251
1271	5
1271	685
1300	1
1300	20
1300	921
1300	4807
1328	2222
1328	11481
1346	15
1346	342
1412	4
1412	136
1449	242
1449	1978
1451	615
1451	6188
1528	33
1528	5688
1563	8
1563	169
1609	8
1609	2729
1613	95
1613	5404
1635	13
1635	20
1635	886
1636	13
1636	20
1636	2163
1637	13
1637	20
1637	3402
1637	6113
1638	13
1638	20
1638	2984
1639	13
1639	20
1639	3125
1640	13
1640	20
1640	6112
1641	13
1641	20
1641	2987
1642	13
1642	20
1642	2412
1643	13
1643	20
1643	2988
1644	13
1644	20
1644	3127
1645	13
1645	20
1645	2047
1646	13
1646	20
1646	1931
1647	13
1647	20
1647	2430
1647	5336
1648	13
1648	20
1648	3511
1649	13
1649	20
1649	2702
1650	13
1650	20
1650	2553
1651	13
1651	20
1651	2992
1652	13
1652	20
1652	3512
1653	13
1653	20
1653	2554
1697	615
1697	6311
1736	442
1736	465
1762	385
1762	442
1798	267
1798	1335
1817	1755
1817	5330
1817	5717
1977	242
1977	1978
2066	12453
2133	9
2133	60
2220	14
2220	3453
2291	14
2291	22
2291	155
2336	8
2336	5345
2411	3058
2430	101
2430	3294
2432	28
2432	41
2432	1528
2442	21
2442	6199
2470	5830
2591	668
2591	2336
2637	1
2637	230
2730	5817
2909	4
2909	80
2909	14099
2939	10
2939	5119
2972	4
2972	80
2972	2051
3023	342
3023	3895
3063	5601
3063	6201
3090	1
3090	8
3090	9
3090	64
3090	119
3090	3838
3103	8249
3120	69
3120	93
3150	153
3150	442
3175	9
3175	1269
3240	6635
3263	11
3263	73
3263	1079
3263	5198
3283	10
3283	6442
3319	5
3319	688
3356	1
3356	4309
3360	9
3360	870
3451	51
3451	546
3460	6000
3539	121
3539	155
3541	8
3541	9
3541	3541
3543	9
3543	348
3546	9
3546	137
3561	6143
3680	1
3680	439
3680	785
3688	54
3688	229
3741	5
3741	5765
3785	111
3785	118
3793	1
3793	5546
3794	20
3794	122
3798	3633
3803	10
3803	4341
3838	101
3838	4376
3847	69
3847	1113
3862	110
3862	5869
3880	66
3880	3523
3939	11
3939	229
3939	5744
3943	5
3943	14
3943	3341
3979	22
3979	424
4006	9
4006	137
4079	8
4079	4352
4085	275
4085	352
4085	357
4085	615
4085	644
4085	668
4085	934
4085	1094
4085	1096
4085	2591
4085	2888
4085	2995
4085	5396
4085	6187
4085	6188
4085	6311
4115	1
4115	4324
4184	1
4184	5854
4232	342
4232	3723
4256	13
4256	43
4283	342
4283	3802
4298	13
4298	20
4298	4334
4376	8
4376	9
4376	25
4376	4640
4405	1
4405	3345
4419	83
4419	6250
4442	22
4442	118
4501	13
4501	43
4534	31
4534	92
4556	8
4556	4752
4618	5
4618	5744
4619	5
4619	5753
4620	5
4620	5750
4633	5
4633	5762
4640	8
4640	9
4640	3373
4652	105
4652	4688
4652	4824
4652	6022
4677	8
4677	9
4677	101
4677	119
4677	4051
4677	4734
4688	5
4688	5759
4691	9
4691	944
4700	8
4700	9
4700	4846
4702	105
4702	4851
4735	13
4735	20
4735	4681
4751	8
4751	9
4751	11
4751	3373
4751	4823
4807	13
4807	921
4823	122
4823	4677
4846	105
4846	5888
4851	15
4851	5893
4874	1
4874	266
4874	1300
4874	5925
4877	8
4877	9
4877	4882
4882	105
4882	5897
4895	13
4895	5925
4895	6148
4927	55
4927	6138
5125	22
5125	68
5125	1136
5167	14
5167	161
5167	11823
5196	1733
5196	5198
5196	5199
5196	5312
5197	1733
5197	5198
5197	5199
5197	5312
5223	11
5223	229
5223	5759
5258	1
5258	5272
5260	1
5260	5273
5262	1
5262	3221
5264	1
5264	5275
5266	1
5266	5276
5268	1
5268	5271
5301	21
5301	5302
5335	9
5335	13
5335	20
5335	5336
5335	5691
5338	10
5338	5596
5345	8
5345	231
5345	279
5345	5378
5356	1
5356	127
5356	4805
5378	111
5378	118
5382	85
5382	117
5382	231
5382	279
5382	13378
5386	5
5386	5344
5396	221
5396	1113
5444	4
5444	5445
5447	5448
5450	1
5450	5460
5512	262
5512	672
5552	6250
5576	4
5576	5577
5600	5601
5600	6201
5601	22
5601	232
5635	5832
5668	1
5668	894
5673	55
5673	5681
5688	28
5688	41
5688	1528
5691	5692
5691	5694
5693	5692
5693	5694
5694	5693
5694	11433
5699	14
5699	22
5699	5698
5713	293
5713	5712
5745	11
5745	229
5745	5746
5747	5
5747	5746
5749	11
5749	229
5749	5750
5752	11
5752	229
5752	5753
5755	11
5755	229
5755	5756
5757	5
5757	5756
5761	11
5761	229
5761	5762
5776	3167
5776	6453
5801	21
5801	5802
5803	21
5803	5804
5813	21
5813	5814
5818	21
5818	828
5818	6245
5823	4
5823	957
5839	31
5839	5838
5841	253
5841	442
5868	110
5868	5869
5889	8
5889	9
5889	5890
5892	8
5892	9
5892	4702
5893	8
5893	9
5893	5894
5897	15
5897	5898
5898	8
5898	9
5898	5899
5921	20
5921	6250
5922	58
5922	5923
5923	6148
5928	8
5928	9
5928	5929
5946	22
5946	48
5947	25
5947	5946
5966	1
5966	127
5966	4742
5984	4
5984	80
5984	109
5998	1
5998	3069
6019	85
6026	6251
6026	6253
6060	14
6060	241
6123	6124
6140	55
6140	6139
6143	4546
6143	6147
6156	10
6156	352
6156	4256
6186	615
6186	6187
6187	530
6187	1172
6188	1172
6188	2323
6202	6203
6206	9
6206	180
6235	689
6235	1371
6235	2734
6249	20
6249	6250
6250	8
6250	9
6250	4419
6251	6025
6251	6252
6376	33
6376	6377
6442	1
6442	6231
6452	3167
6452	6453
6676	2222
6676	11481
6715	24
6715	527
6723	6714
6749	9824
6893	111
6893	222
6899	1
6899	3
6899	7490
7118	24
7118	512
7292	6697
7292	7293
7478	7479
8604	12095
8639	12096
9811	9812
9818	9819
9820	91
9820	512
10905	5659
10905	5831
11215	6697
11215	7293
11355	22
11355	568
11356	13
11356	4574
11426	22
11426	11427
11432	5693
11432	11433
11439	58
11439	11440
11472	9
11472	7838
11477	615
11477	934
11541	21
11541	84
11541	11542
11907	688
11929	11934
11945	11947
11946	11947
11948	100
11948	11949
12214	5382
12214	12215
12448	132
12448	10858
13309	21
13309	2059
13378	68
13378	231
14086	22
14086	14087
14089	4
14089	80
14089	14090
14095	22
14095	14096
14107	22
14107	14108
14117	14118
14119	91
14119	14120
14144	14145
14899	11
14899	3291
