1	3
1	4
1	5
1	8
1	9
1	11
1	13
1	14
1	15
1	20
1	21
1	22
1	25
1	26
1	27
1	33
1	35
1	36
1	37
1	42
1	49
1	58
1	60
1	63
1	65
1	66
1	67
1	69
1	74
1	75
1	80
1	84
1	85
1	86
1	93
1	97
1	99
1	101
1	105
1	109
1	112
1	114
1	132
1	134
1	135
1	144
1	152
1	155
1	161
1	162
1	167
1	169
1	184
1	185
1	188
1	189
1	194
1	197
1	212
1	234
1	252
1	255
1	258
1	281
1	283
1	299
1	334
1	342
1	365
1	438
1	439
1	454
1	460
1	463
1	488
1	526
1	536
1	614
1	655
1	740
1	760
1	804
1	818
1	870
1	954
1	966
1	1024
1	1081
1	1181
1	1274
1	1962
1	2170
1	2741
1	2835
1	2946
1	3058
1	3453
1	3516
1	3523
1	3589
1	3684
1	3723
1	3895
1	4171
1	4554
1	4640
1	4734
1	4824
1	4874
1	4896
1	5116
1	5255
1	5345
1	5411
1	5412
1	5448
1	5601
1	5635
1	5688
1	5691
1	5698
1	5817
1	5925
1	6000
1	6056
1	6144
1	6201
1	6554
1	6714
1	6755
1	7838
1	9812
1	9819
1	9824
1	11427
1	11542
1	11924
1	11934
1	11947
1	14087
1	14096
1	14108
1	14118
1	14145
1	14148
1	14149
1	14150
2	2
2	3
2	6
2	8
2	9
2	11
2	13
2	15
2	20
2	24
2	25
2	36
2	40
2	44
2	46
2	55
2	63
2	64
2	68
2	74
2	75
2	80
2	81
2	91
2	92
2	93
2	105
2	112
2	117
2	119
2	129
2	131
2	144
2	152
2	154
2	169
2	194
2	201
2	206
2	234
2	236
2	252
2	286
2	363
2	364
2	365
2	415
2	458
2	459
2	460
2	531
2	562
2	668
2	683
2	705
2	857
2	882
2	886
2	1102
2	1107
2	1172
2	1345
2	1346
2	1931
2	2047
2	2163
2	2412
2	2430
2	2553
2	2554
2	2702
2	2729
2	2839
2	2984
2	2987
2	2988
2	2992
2	3082
2	3125
2	3127
2	3175
2	3373
2	3406
2	3511
2	3512
2	3516
2	3541
2	3838
2	4030
2	4312
2	4556
2	4640
2	4681
2	4752
2	4823
2	5336
2	5691
2	5820
2	5890
2	5894
2	5899
2	5928
2	5929
2	5983
2	5993
2	6112
2	6113
2	6397
2	6504
2	6506
2	6507
2	6509
2	9332
2	11472
3	4
3	6
3	8
3	11
3	14
3	22
3	24
3	26
3	33
3	36
3	42
3	60
3	71
3	80
3	84
3	99
3	111
3	135
3	143
3	161
3	162
3	167
3	184
3	236
3	248
3	258
3	264
3	332
3	334
3	399
3	441
3	577
3	655
3	709
3	804
3	818
3	954
3	1181
3	1929
3	2051
3	2170
3	2232
3	2835
3	2946
3	3232
3	3344
3	4554
3	5259
3	5261
3	5263
3	5265
3	5267
3	5269
3	5445
3	5577
3	5635
3	5778
3	6002
3	6144
3	6755
3	9820
3	11924
3	14090
3	14099
4	1
4	3
4	30
4	7490
5	1
5	6
5	11
5	13
5	80
5	1641
5	3741
5	5421
5	5585
6	5
6	11
6	14
6	22
6	24
6	26
6	33
6	42
6	80
6	111
6	161
6	197
6	236
6	334
6	343
6	356
6	441
6	445
6	577
6	685
6	966
6	1268
6	2637
6	2652
6	3082
6	5379
6	5744
6	5746
6	5750
6	5753
6	5756
6	5759
6	5762
7	1
7	6
7	11
7	14
7	27
7	36
7	37
7	67
7	80
7	125
7	295
7	5585
7	5640
7	5840
7	6635
8	2
8	8
8	1284
8	1801
8	5841
9	1
9	2
9	4
9	5
9	73
9	80
9	106
9	117
9	147
9	236
9	442
9	3082
9	4188
9	4454
9	5925
10	1
10	4
10	5
10	8
10	9
10	11
10	13
10	20
10	24
10	36
10	40
10	91
10	100
10	154
10	332
10	356
10	531
10	6255
11	8
11	10
11	22
11	26
11	68
11	119
11	139
11	169
11	3722
11	3981
11	5516
11	5604
11	5935
11	6640
13	1
13	2
13	9
13	64
13	73
13	106
13	108
13	119
13	147
13	242
13	295
13	3722
13	4051
14	1
14	8
14	9
14	22
14	63
14	64
14	108
14	169
14	5890
14	5894
14	5899
15	8
15	75
16	11
16	111
16	122
16	319
16	877
16	1352
16	5447
16	5460
16	14144
17	8
17	562
19	1
19	2
19	11
19	21
19	73
19	84
19	828
19	1152
19	2059
19	2463
19	3110
19	3391
19	4142
19	4156
19	4158
19	4311
19	4692
19	5302
19	5778
19	5802
19	5804
19	5814
19	6199
19	6245
19	6407
19	6408
19	6416
19	11539
19	11540
19	11541
19	11542
19	11545
20	8
20	119
20	147
21	155
21	212
22	1
22	4
22	5
22	8
22	9
22	11
22	15
22	20
22	24
22	35
22	36
22	74
22	104
22	112
22	206
22	251
22	361
22	454
22	1136
22	3340
22	3589
22	3981
22	6201
22	6203
22	6762
24	10
24	264
24	332
24	979
24	1077
24	1136
24	2232
24	3344
24	4341
24	5259
24	5261
24	5263
24	5265
24	5267
24	5269
25	1
25	4
25	5
25	8
25	9
25	11
25	13
25	14
25	20
25	26
25	64
25	80
25	119
25	334
25	415
25	2987
25	3283
25	3541
25	5167
25	5569
25	5672
25	5928
25	5929
25	6112
25	9332
25	12989
26	11
26	22
26	25
26	36
26	141
26	166
26	222
26	232
26	233
26	302
26	671
26	957
26	1179
26	1267
26	3465
26	5527
26	5528
26	5539
26	5817
26	5946
26	6102
27	1
27	7
27	67
28	3
28	11
28	30
28	111
28	122
28	877
28	2411
29	4
29	52
29	80
29	167
30	28
30	41
30	1528
31	8
31	92
33	13
33	20
33	24
33	5993
35	8
35	9
35	44
35	96
35	201
37	4
37	8
37	9
37	11
37	13
37	14
37	20
37	65
37	80
37	101
37	143
37	1242
37	1259
37	2412
37	3838
39	13
39	39
40	10
40	264
41	13
41	20
41	886
42	8
42	9
42	30
42	91
42	97
42	122
42	1118
42	1352
44	9
44	13
44	35
44	46
44	55
44	74
44	105
44	3794
46	13
46	46
47	13
47	20
47	1931
49	8
49	9
49	13
49	14
49	20
49	25
49	27
49	35
49	36
49	152
49	438
49	2984
49	3082
49	3406
49	3794
49	4823
49	5840
49	6113
55	8
55	112
58	8
58	9
58	234
61	9
61	255
62	11
62	13
62	20
62	179
62	2163
63	13
63	14
63	46
63	74
63	75
63	112
63	513
64	3
64	8
64	9
64	13
64	20
64	22
64	25
64	63
64	108
64	144
64	152
64	169
64	352
64	4640
64	6507
65	1
65	10
65	13
65	14
65	20
65	22
65	55
65	78
65	661
65	979
65	2553
65	2737
65	5820
66	21
66	4156
66	4158
67	6019
68	9
68	1081
71	4
71	60
71	162
73	13
73	20
73	2430
74	9
74	1269
75	8
75	9
75	13
75	15
75	25
75	46
75	55
75	63
75	74
75	105
77	9
77	14
77	148
77	327
78	13
78	14
78	20
78	22
78	463
78	3512
79	13
79	20
79	25
79	166
79	3511
80	1
80	3
80	6
80	7
80	13
80	27
80	33
80	94
80	97
80	155
80	343
80	1641
80	3741
80	5421
80	5778
80	7490
80	14818
81	55
81	74
81	104
81	105
82	11
82	13
82	20
82	25
82	483
82	1179
82	2839
84	1
84	4
84	5
84	33
84	80
84	1548
84	3589
85	25
85	352
91	10
91	26
91	139
91	2232
92	85
93	13
93	30
93	55
93	111
93	513
93	1352
93	3892
97	13
97	14
97	20
97	22
97	33
97	42
97	283
97	302
97	957
97	2291
97	3125
99	25
99	222
100	8
100	9
100	10
100	683
100	3344
100	4644
100	5449
100	5467
101	4
101	8
101	9
101	11
101	14
101	80
101	143
101	234
101	2972
101	9332
103	13
103	842
104	8
104	81
105	8
105	15
105	106
105	119
106	1
106	1168
111	9
111	184
112	8
112	63
116	4
116	5
116	8
116	80
116	93
116	184
116	577
117	1
117	20
117	119
117	199
117	1168
118	4
118	5
118	80
118	111
118	197
118	236
118	3506
120	13
120	20
120	4681
121	8
121	117
123	13
123	20
123	25
123	233
123	2047
126	1
126	125
129	13
129	235
129	341
129	448
129	4574
129	5859
129	11356
130	4
130	9
130	35
130	80
130	655
130	3794
130	4734
131	13
131	39
131	55
131	74
131	105
131	206
132	1
132	67
135	13
135	14
135	20
135	21
135	785
135	1152
135	2988
136	10
136	5269
138	10
138	26
138	139
141	101
141	966
143	5
143	16
143	65
143	101
143	364
143	445
143	966
144	119
144	242
144	5775
144	6510
146	1371
146	2734
148	13
148	20
148	2702
149	1
149	4
149	5
149	11
149	22
149	36
149	80
149	122
152	14
152	49
156	13
156	251
156	5809
156	13425
158	1
158	24
158	33
158	36
158	311
158	417
161	26
161	5167
163	13
163	5983
169	9
169	327
169	438
170	147
170	4188
175	8
175	9
175	6504
177	1755
177	5330
177	5717
179	86
179	134
183	13
183	20
183	25
183	141
183	2554
188	13
188	14
188	20
188	109
188	2992
194	5775
194	6510
196	13
196	4030
197	4
197	8
197	80
197	236
197	3232
199	6019
201	13
201	46
206	8
206	131
206	342
213	27
213	37
213	67
214	8
214	364
221	8
221	1172
222	11
222	84
226	4
226	71
226	80
232	4
232	5
232	42
232	80
232	6201
234	8
234	9
234	58
234	101
234	4734
234	5928
235	13
235	341
236	1159
239	8
239	705
241	14
241	60
248	11
248	68
248	1136
249	13
249	20
249	154
251	1
251	22
251	25
251	108
251	254
251	885
252	8
252	9
252	252
254	1
254	11
254	166
263	4
263	5
263	8
263	10
263	80
263	441
263	1077
263	1102
267	8
267	668
269	55
269	2737
269	3892
275	636
283	33
283	97
283	155
286	13
286	39
286	55
286	74
286	105
286	361
288	8
288	9
288	25
288	36
288	169
288	683
297	42
297	155
299	8
299	15
299	35
299	104
299	105
299	106
299	206
299	361
299	363
299	442
299	705
299	1346
305	8
305	9
305	80
305	3516
311	1
311	5
311	11
311	26
311	80
311	417
311	5379
315	986
315	7282
320	33
320	94
320	97
320	155
320	343
320	1755
320	5824
327	13
327	20
327	3406
334	25
334	232
337	27
337	295
337	438
341	13
341	448
342	5
342	33
342	80
342	94
342	97
342	155
342	343
343	8
343	15
343	35
343	112
343	342
343	3723
343	3895
346	6124
347	13
347	20
347	40
350	165
353	13
353	80
353	3427
354	9
354	85
354	5345
355	11
355	3758
356	1
356	24
356	332
360	8
360	206
361	8
361	35
361	286
361	342
363	8
363	459
364	8
364	363
365	8
365	16
365	101
365	364
365	1346
390	4
390	80
390	399
407	13
407	20
407	25
407	671
407	3127
407	3465
409	33
409	73
418	5
418	8
418	356
418	1107
430	1
430	931
430	3741
432	4
432	709
439	25
439	488
441	1
441	5
441	26
441	80
441	3082
441	3283
441	3340
445	80
445	234
447	9
447	281
448	13
448	11356
455	3
455	13
458	13
458	14
458	39
458	55
458	105
458	460
458	705
459	13
459	39
459	55
459	105
459	363
459	842
460	13
460	55
460	105
460	365
460	1346
463	1
463	78
463	3506
469	4
469	80
469	84
475	8
475	14
475	15
475	35
475	55
475	104
475	206
475	299
475	361
475	363
475	705
475	1346
479	6762
490	8
490	9
490	531
491	14
491	22
491	1962
493	5
493	8
493	80
493	2637
493	2652
493	3175
506	302
506	5528
522	5
522	966
526	8
526	365
527	11
527	30
527	877
527	1352
527	2411
542	97
542	1118
544	1
544	6
544	11
544	80
544	5585
555	4
555	5
555	80
555	334
568	1
568	13
568	921
577	4
577	80
577	258
579	4
579	10
579	248
579	1136
597	4
597	3232
606	302
606	5527
614	21
614	4142
623	4
623	5
623	80
623	111
631	1
631	74
631	197
632	27
632	5640
632	5831
636	9
636	96
637	4
637	80
637	954
640	1
640	4
640	264
640	658
655	13
655	20
655	25
655	144
668	1172
668	5345
670	93
670	114
673	2
673	84
673	118
673	1801
677	13
677	39
683	11
683	100
699	9
699	74
699	454
704	7
704	27
705	8
705	112
705	342
705	458
748	5778
748	14818
760	185
760	760
780	5659
787	13
787	20
787	2839
794	615
794	1096
811	11
811	5627
821	21
821	3391
826	1
826	11
826	79
836	319
836	1352
842	2097
853	9
853	13
853	194
856	21
856	3110
857	3
857	13
857	20
857	25
860	4
860	80
860	135
860	1929
877	5116
881	14
881	526
885	11
885	22
885	68
885	4171
885	5817
921	8
921	9
921	415
931	14
931	1024
944	1
944	2637
979	33
979	94
979	97
979	343
979	5688
979	5824
1005	9
1005	65
1024	1
1024	1051
1051	21
1051	2463
1077	33
1077	73
1077	94
1077	155
1077	343
1077	2291
1081	8
1081	68
1086	1
1086	1122
1099	111
1099	424
1100	25
1100	1267
1102	9
1102	188
1103	11
1103	105
1103	119
1103	295
1118	14
1118	42
1118	109
1118	155
1118	2291
1134	13
1134	882
1143	8
1143	9
1143	11
1143	129
1144	1
1144	4
1144	332
1144	877
1149	4
1149	80
1149	1181
1149	1259
1153	9
1153	69
1172	5345
1179	11
1179	3765
1185	2
1185	13
1185	119
1185	857
1185	3722
1185	5841
1197	11
1197	6224
1204	2
1204	1284
1213	91
1230	13
1230	13425
1233	93
1233	189
1242	14
1242	143
1242	2972
1269	9
1269	251
1271	5
1271	685
1279	8
1279	4556
1300	1
1300	921
1302	1
1302	11
1302	3506
1326	94
1326	1755
1344	8
1344	1345
1346	8
1346	15
1346	342
1346	460
1352	16
1352	101
1352	364
1353	1
1353	11
1449	242
1449	1978
1528	33
1528	5688
1563	8
1563	169
1609	8
1609	2729
1635	13
1635	20
1635	886
1636	13
1636	20
1636	2163
1637	13
1637	20
1637	6113
1638	13
1638	20
1638	2984
1639	13
1639	20
1639	3125
1640	13
1640	20
1640	6112
1641	13
1641	20
1641	2987
1642	13
1642	20
1642	2412
1643	13
1643	20
1643	2988
1644	13
1644	20
1644	3127
1645	13
1645	20
1645	2047
1646	13
1646	20
1646	1931
1647	13
1647	20
1647	2430
1647	5336
1648	13
1648	20
1648	3511
1649	13
1649	20
1649	2702
1650	13
1650	20
1650	2553
1651	13
1651	20
1651	2992
1652	13
1652	20
1652	3512
1653	13
1653	20
1653	2554
1693	11
1693	5578
1794	10
1794	5467
1817	1755
1817	5330
1817	5717
1832	10
1832	5261
1929	4
1929	80
1929	135
1944	10
1944	5265
1977	242
1977	1978
2051	11
2051	1242
2191	8
2191	9
2191	80
2191	3516
2220	14
2220	3453
2291	14
2291	97
2291	109
2378	302
2378	6102
2411	3058
2432	28
2432	41
2432	1528
2442	21
2442	6199
2463	4
2463	80
2463	5778
2469	21
2469	5778
2470	5830
2532	9
2532	740
2576	4
2576	80
2576	11924
2593	10
2593	5259
2637	1
2637	230
2647	5935
2670	4
2670	80
2670	818
2730	5817
2737	11
2737	350
2739	2
2739	13
2739	119
2739	2741
2741	4896
2798	11
2798	26
2798	3167
2798	5672
2909	4
2909	80
2909	14099
2972	4
2972	80
2972	2051
2987	6
2987	1641
2987	3741
3023	342
3023	3895
3063	5601
3063	6201
3090	1
3090	8
3090	9
3090	64
3090	119
3090	3838
3103	8249
3120	69
3120	93
3160	10
3160	3657
3175	9
3175	1269
3227	11
3227	5636
3240	6635
3296	11
3296	14
3296	3415
3306	21
3306	4311
3356	1
3356	4309
3360	9
3360	870
3406	62
3406	122
3427	6
3427	13
3427	5421
3453	11
3453	3589
3460	6000
3479	1
3479	445
3506	1
3506	78
3506	661
3541	8
3541	9
3541	3541
3618	14
3618	25
3618	1732
3638	13
3638	20
3638	4312
3657	11
3657	13
3657	5818
3657	13309
3680	1
3680	439
3680	785
3794	20
3794	122
3798	3633
3803	10
3803	4341
3880	66
3880	3523
3883	4896
3979	22
3979	424
4085	615
4085	1096
4115	1
4115	4324
4122	8
4122	9
4122	6509
4146	11
4146	13
4146	5809
4146	5818
4184	1
4184	5854
4232	342
4232	3723
4302	108
4302	119
4302	1302
4310	132
4310	614
4330	1274
4332	117
4332	255
4332	4454
4332	4732
4376	8
4376	9
4376	25
4376	4640
4390	25
4390	5539
4405	1
4405	4
4405	3344
4405	3345
4441	21
4441	4692
4454	5
4454	1268
4556	8
4556	4752
4575	11
4575	5411
4575	5412
4618	5
4618	5744
4619	5
4619	5753
4620	5
4620	5750
4633	5
4633	5762
4640	8
4640	9
4640	3373
4644	1352
4644	5447
4652	105
4652	4824
4666	1
4666	64
4666	1267
4666	5569
4677	101
4677	119
4677	4051
4677	4734
4688	5
4688	5759
4735	13
4735	20
4735	4681
4751	8
4751	9
4751	11
4751	3373
4751	4823
4760	1352
4760	5460
4807	13
4807	921
4823	122
4823	4677
4874	1
4874	5925
4895	9
4895	13
4895	536
4895	3684
4895	4874
4895	5925
4896	4916
5125	22
5125	68
5125	1136
5130	4
5130	80
5130	2835
5167	4
5167	5
5167	14
5167	80
5167	161
5167	11823
5200	11
5200	5800
5239	5516
5254	9
5254	5255
5258	1
5258	4
5258	5259
5258	5272
5260	1
5260	4
5260	5261
5260	5273
5262	1
5262	4
5262	3221
5262	5263
5264	1
5264	4
5264	5265
5264	5275
5266	1
5266	4
5266	5267
5266	5276
5268	1
5268	4
5268	5269
5268	5271
5270	10
5270	5267
5274	10
5274	5263
5301	21
5301	5302
5335	9
5335	13
5335	20
5335	5336
5335	5691
5337	10
5337	4644
5378	9
5378	5345
5379	11
5379	26
5413	282
5413	5414
5414	5430
5427	11
5427	13
5427	13309
5444	4
5444	5445
5445	4
5445	80
5445	4554
5447	5448
5450	1
5450	5460
5461	10
5461	5449
5576	4
5576	5577
5578	5604
5600	5601
5600	6201
5601	22
5601	232
5634	4
5634	80
5634	5635
5635	5832
5665	4
5665	99
5668	1
5668	894
5688	9
5688	28
5688	33
5688	41
5688	42
5688	1528
5688	5699
5691	5692
5691	5694
5692	212
5692	5698
5693	5692
5693	5694
5694	5693
5694	11433
5699	14
5699	109
5699	5688
5700	33
5700	5699
5701	42
5701	5699
5702	9
5702	5699
5747	5
5747	5746
5757	5
5757	5756
5771	6508
5776	3167
5776	6453
5801	21
5801	5802
5803	21
5803	5804
5809	11
5809	5810
5813	21
5813	5814
5816	22
5816	68
5816	5817
5818	21
5818	828
5818	6245
5889	8
5889	9
5889	5890
5893	8
5893	9
5893	5894
5898	8
5898	9
5898	5899
5921	20
5921	6250
5928	8
5928	9
5928	5929
5936	4
5936	80
5936	2946
5947	25
5947	5946
5983	20
5983	100
5985	4
5985	804
5993	20
5993	24
5994	24
5994	6255
5998	1
5998	3069
6001	4
6001	80
6001	6002
6002	4
6002	2170
6055	9
6055	6056
6056	11
6056	6057
6123	6124
6145	4
6145	6144
6202	6203
6235	1371
6235	2734
6249	20
6249	6250
6319	11
6319	21
6319	6408
6406	21
6406	6407
6407	21
6407	6416
6408	6399
6442	1
6442	6231
6452	3167
6452	6453
6486	1
6486	6487
6503	8
6503	9
6503	6504
6505	9
6505	13
6505	6506
6506	8
6506	9
6506	25
6506	6507
6507	8
6507	9
6507	6508
6507	6509
6581	11
6581	6582
6641	6640
6723	6714
6749	9824
6754	4
6754	6755
6899	1
6899	3
6899	7490
7281	986
7281	7282
7836	8
7836	11472
7838	13
7838	6397
9811	9812
9818	9819
9819	4
9819	80
9819	9820
10905	5659
10905	5831
11356	13
11356	4574
11356	5859
11426	22
11426	11427
11432	5693
11432	11433
11472	9
11472	7838
11538	21
11538	11539
11539	21
11539	11540
11540	21
11540	11541
11541	21
11541	84
11541	11542
11543	11
11543	21
11543	11545
11545	5773
11929	11934
11945	11947
11946	11947
12988	26
12988	12989
13309	21
13309	2059
14086	22
14086	14087
14089	4
14089	80
14089	14090
14095	22
14095	14096
14097	11
14097	805
14107	22
14107	14108
14116	80
14116	14117
14117	14118
14143	1352
14143	14144
14144	14145
14145	4
14145	80
14145	2232
14147	14
14147	14148
14148	14
14148	14149
14149	6554
14149	14150
