1	3
1	4
1	5
1	6
1	8
1	9
1	10
1	13
1	14
1	15
1	20
1	21
1	25
1	30
1	33
1	35
1	41
1	42
1	51
1	58
1	63
1	65
1	66
1	75
1	77
1	80
1	84
1	94
1	101
1	105
1	112
1	135
1	137
1	147
1	169
1	181
1	188
1	234
1	252
1	256
1	259
1	342
1	345
1	348
1	365
1	438
1	460
1	666
1	860
1	966
1	1024
1	1063
1	1268
1	1304
1	2741
1	2929
1	3089
1	3341
1	3523
1	3539
1	3723
1	4462
1	4691
1	4734
1	4824
1	4896
1	5684
1	5691
1	5887
1	5925
1	6016
1	6056
1	6714
1	7838
1	11440
1	11481
1	11542
1	11950
2	3
2	6
2	8
2	9
2	10
2	13
2	16
2	20
2	25
2	35
2	46
2	51
2	53
2	61
2	63
2	68
2	74
2	119
2	169
2	206
2	224
2	227
2	234
2	236
2	252
2	354
2	361
2	363
2	415
2	447
2	669
2	692
2	857
2	864
2	882
2	886
2	1102
2	1212
2	1346
2	1909
2	1931
2	2047
2	2163
2	2282
2	2412
2	2430
2	2553
2	2554
2	2702
2	2839
2	2876
2	2984
2	2987
2	2988
2	2992
2	3082
2	3125
2	3127
2	3175
2	3402
2	3406
2	3511
2	3512
2	3541
2	3785
2	4133
2	4702
2	4734
2	4846
2	4877
2	4882
2	5336
2	5378
2	5686
2	5691
2	5696
2	5820
2	5928
2	5929
2	6112
2	6113
2	9332
2	11436
3	4
3	6
3	8
3	11
3	20
3	24
3	80
3	85
3	135
3	236
3	248
3	399
3	415
3	441
3	455
3	504
3	527
3	693
3	1929
3	2051
3	3340
3	4236
3	4246
3	4631
3	5345
3	5748
3	5751
3	5754
3	5758
3	5760
3	5763
3	5778
5	1
5	6
5	129
5	4039
5	5684
6	5
6	11
6	14
6	24
6	80
6	94
6	139
6	143
6	144
6	199
6	236
6	343
6	415
6	441
6	445
6	504
6	685
6	1236
6	1268
6	2637
6	2652
6	3082
6	3340
6	3341
6	4133
6	4181
6	4631
6	5744
6	5746
6	5750
6	5753
6	5756
6	5759
6	5762
6	6010
6	11437
6	14463
7	27
7	295
9	1
9	2
9	4
9	5
9	8
9	10
9	15
9	35
9	46
9	73
9	80
9	106
9	112
9	117
9	147
9	153
9	227
9	236
9	242
9	253
9	262
9	385
9	442
9	465
9	672
9	2876
9	3082
9	4133
9	4454
9	5925
10	1
10	4
10	5
10	11
10	24
10	54
10	80
10	91
10	100
10	141
10	229
10	512
10	527
10	3112
10	6255
10	11949
10	14120
11	8
11	9
11	22
11	68
11	1909
12	6250
13	1
13	2
13	9
13	73
13	108
13	119
13	147
13	242
13	253
13	262
13	295
13	385
14	1
14	5
14	8
14	9
14	22
14	63
14	80
14	108
14	144
15	1
15	1170
17	1
17	5546
19	1
19	2
19	11
19	21
19	73
19	84
19	828
19	1037
19	1137
19	1152
19	2059
19	2463
19	4157
19	4160
19	4425
19	4728
19	5302
19	5778
19	5802
19	5804
19	5814
19	6199
19	6245
19	11542
20	8
20	119
20	147
21	147
21	3539
22	1
22	4
22	5
22	8
22	11
22	15
22	24
22	35
22	74
22	104
22	112
22	206
22	251
22	361
22	454
22	1136
22	3340
22	3589
22	6762
22	11437
24	10
24	227
24	624
24	979
24	1136
24	2727
24	3341
24	3939
24	4256
24	5135
24	6442
25	8
25	9
25	10
25	13
25	20
25	217
25	415
25	624
25	669
25	2987
25	3541
25	5928
25	5929
25	6112
25	9332
26	11
26	25
26	166
26	1169
26	1179
26	1250
26	1267
26	3232
26	4462
26	5381
26	6054
28	30
28	11481
31	615
31	668
33	8
33	227
37	8
37	9
37	10
37	13
37	20
37	51
37	65
37	101
37	1259
37	2412
37	5596
37	5598
39	13
39	39
41	8
41	9
41	10
41	13
41	20
41	886
41	1212
41	3341
43	9
43	15
43	4631
43	5893
43	5898
44	9
44	13
44	35
44	46
44	58
44	74
44	1304
44	3794
46	8
46	13
46	15
46	35
46	46
46	112
47	10
47	13
47	20
47	1931
47	2727
49	8
49	9
49	13
49	20
49	35
49	438
49	2984
49	3082
49	3406
49	3794
49	6113
53	54
53	80
53	94
53	343
58	8
58	9
58	234
58	4734
59	13
59	224
61	13
61	16
62	13
62	20
62	2163
63	13
63	14
63	46
63	74
63	75
63	112
63	354
63	447
63	3785
63	11435
64	3
64	8
64	9
64	13
64	20
64	22
64	25
64	63
64	108
64	169
64	352
64	2282
65	1
65	10
65	13
65	20
65	78
65	661
65	979
65	2553
65	5820
66	13
66	21
66	4157
66	4160
66	4432
66	4728
68	11
68	22
68	117
68	5125
68	5381
68	13378
73	13
73	20
73	2430
74	9
74	22
74	1269
74	4085
74	4631
74	4691
75	8
75	9
75	13
75	15
75	25
75	43
75	46
75	63
75	74
75	354
75	447
75	3785
77	9
77	327
78	13
78	20
78	3512
79	13
79	20
79	25
79	166
79	3511
80	1
80	6
80	7
80	27
80	33
80	94
80	97
80	129
80	343
80	4039
80	5778
80	14818
81	74
81	104
81	354
81	447
81	3785
82	13
82	20
82	25
82	1179
82	2839
84	3589
85	8
85	15
85	25
85	104
85	112
85	231
85	279
85	352
85	354
87	120
89	615
89	2591
91	10
91	1169
91	4462
92	5
92	80
92	85
92	1236
95	615
95	1094
97	8
97	9
97	13
97	20
97	669
97	3125
99	13
99	20
99	864
100	10
100	2876
101	4
101	5
101	8
101	9
101	80
101	234
101	415
101	504
101	9332
106	1
106	1168
109	68
109	6006
117	1
117	20
117	119
117	199
117	1168
117	5382
117	12215
118	4
118	5
118	11
118	68
118	80
118	85
118	111
118	117
118	231
118	236
118	279
118	3506
118	11437
123	13
123	20
123	2047
128	55
128	6138
128	6139
129	13
129	341
129	448
129	4432
129	4574
129	5859
129	11356
130	5
130	9
130	35
130	80
130	119
130	144
130	262
130	3794
130	4734
131	13
131	39
131	74
131	206
134	170
134	315
135	13
135	20
135	21
135	1152
135	2988
138	5
138	80
138	139
140	357
140	615
141	11
141	101
141	966
141	4424
143	5
143	16
143	65
143	101
143	364
143	415
143	440
143	445
143	966
144	8
144	35
144	119
144	242
148	13
148	20
148	2702
152	13
152	20
152	3402
155	73
155	4144
156	13
156	251
156	5809
156	13425
159	275
159	615
163	8
163	2876
169	9
169	327
169	438
170	147
170	3089
173	4
173	11
173	229
173	685
173	693
183	13
183	20
183	2554
188	13
188	20
188	2992
195	55
195	5681
195	6062
197	8
197	236
199	231
201	13
201	46
206	8
206	342
208	615
208	2995
212	147
212	442
217	8
217	9
217	692
224	8
224	53
229	10
229	3939
229	4688
229	6022
229	6025
229	6251
229	6252
229	6253
234	8
234	9
234	101
234	3294
234	4734
234	5928
235	13
235	341
236	1159
243	615
243	5396
247	615
247	2888
248	11
248	68
248	1136
248	1169
248	4424
248	6157
251	1
251	22
251	25
251	108
251	254
252	8
252	9
252	252
254	1
254	11
254	166
255	8
255	61
263	4
263	5
263	8
263	80
263	441
263	1102
269	55
269	5980
279	9
279	4691
281	8
281	15
281	104
281	112
281	447
281	7836
283	5
283	33
283	94
283	97
286	13
286	39
286	74
286	361
288	8
288	9
288	25
288	169
294	262
294	442
315	170
315	750
320	33
320	94
320	97
320	343
320	5824
322	4
322	11
322	80
322	527
322	6157
327	13
327	20
327	3406
329	1
329	352
329	615
329	6023
330	242
330	672
337	27
337	295
337	438
341	13
341	448
342	5
342	33
342	54
342	80
342	94
342	97
342	343
343	8
343	15
343	35
343	112
343	342
343	3723
344	55
344	5980
345	5
345	11
345	80
345	199
348	105
348	4851
348	5888
348	5897
354	111
354	118
360	8
360	206
361	35
361	342
362	8
362	361
364	8
364	363
365	8
365	364
365	415
365	1346
387	242
387	442
388	10
388	5135
390	4
390	80
390	399
392	615
392	644
407	13
407	20
407	3127
415	4
415	5
415	80
415	504
437	25
437	33
437	77
437	1250
440	5
440	80
440	143
441	1
441	5
441	80
441	3082
441	3340
445	80
445	234
447	111
447	279
448	13
448	11356
455	3
455	13
458	13
458	14
458	39
458	460
459	13
459	39
460	13
460	365
463	1
463	78
463	3506
479	6762
493	5
493	8
493	80
493	2637
493	2652
493	3175
522	13
522	20
522	864
526	106
526	672
527	10
527	6157
559	147
559	672
570	55
570	6062
579	4
579	10
579	248
579	1136
579	1169
579	4424
579	5118
579	5119
579	6157
582	10
582	5598
615	22
615	4085
620	117
624	8
624	4133
630	10
630	4424
631	1
631	74
631	197
632	5831
644	4
644	85
644	5345
645	1
645	1170
655	119
655	385
666	680
668	1172
668	5345
669	8
669	9
669	51
672	673
677	13
677	39
680	8
680	9
680	11
680	47
680	4877
692	8
692	9
692	4877
699	74
699	454
704	7
704	27
705	112
705	342
729	12452
748	5778
748	14818
780	5659
787	13
787	20
787	2839
826	1
826	11
826	79
857	3
857	13
857	20
857	25
860	4
860	80
860	135
860	1929
882	8
882	10
885	22
885	68
885	5817
900	6
900	22
900	4039
900	5125
916	24
916	3112
921	8
921	9
921	415
931	14
931	1024
944	1
944	2637
979	33
979	94
979	97
979	343
979	5688
979	5824
993	8
993	9
993	4702
993	4846
993	4882
1005	25
1005	3232
1033	10
1033	5118
1037	8
1037	9
1037	1909
1050	4
1050	5
1050	8
1050	9
1050	80
1050	1212
1050	4631
1051	21
1051	2463
1081	8
1081	68
1083	689
1092	1037
1092	4425
1094	111
1094	577
1097	8
1097	15
1097	104
1097	112
1097	3785
1100	9
1100	25
1100	860
1100	1267
1101	3291
1102	9
1102	188
1103	11
1103	105
1103	119
1103	295
1134	13
1134	882
1137	170
1137	315
1137	750
1149	1259
1172	5
1172	80
1172	1236
1172	5345
1177	9
1177	137
1185	13
1185	119
1185	253
1185	857
1209	11
1209	229
1209	685
1209	5744
1209	5746
1209	5750
1209	5753
1209	5756
1209	5759
1209	5762
1212	8
1212	9
1212	692
1230	13
1230	13425
1236	345
1250	5
1250	80
1250	4133
1260	8
1269	9
1269	251
1271	5
1271	685
1302	1
1302	11
1302	3506
1304	14
1304	1268
1328	30
1328	11481
1346	15
1346	342
1352	16
1352	440
1449	242
1449	1978
1451	615
1451	6188
1528	6
1528	33
1528	5684
1528	5688
1635	13
1635	20
1635	886
1636	13
1636	20
1636	2163
1637	13
1637	20
1637	3402
1637	6113
1638	13
1638	20
1638	2984
1639	13
1639	20
1639	3125
1640	13
1640	20
1640	2282
1640	6112
1641	13
1641	20
1641	2987
1642	13
1642	20
1642	2412
1643	13
1643	20
1643	2988
1644	13
1644	20
1644	3127
1645	13
1645	20
1645	2047
1646	13
1646	20
1646	1931
1647	13
1647	20
1647	2430
1647	5336
1648	13
1648	20
1648	3511
1649	13
1649	20
1649	2702
1650	13
1650	20
1650	2553
1651	13
1651	20
1651	2992
1652	13
1652	20
1652	3512
1653	13
1653	20
1653	2554
1697	615
1697	6311
1736	442
1736	465
1762	385
1762	442
1861	30
1861	11481
1909	120
1929	4
1929	80
1929	135
1977	242
1977	1978
2066	12453
2315	1
2315	2582
2315	11811
2430	101
2430	3294
2442	21
2442	6199
2463	4
2463	80
2463	5778
2469	21
2469	5778
2470	5830
2504	1
2504	24
2504	141
2504	2631
2637	1
2637	230
2739	2
2739	13
2739	119
2739	2741
2741	4896
2939	10
2939	5119
2972	4
2972	80
2972	2051
2999	41
2999	5887
3103	8249
3150	153
3150	442
3175	9
3175	1269
3283	10
3283	6442
3356	1
3356	4309
3406	62
3406	122
3451	51
3451	256
3506	1
3506	78
3506	661
3541	8
3541	9
3541	3541
3543	9
3543	348
3546	9
3546	137
3561	6143
3657	11
3657	13
3657	5818
3657	13309
3688	54
3688	229
3793	1
3793	5546
3794	20
3794	122
3798	3633
3862	110
3862	5869
3880	66
3880	3523
3883	4896
3899	51
3899	2929
3939	11
3939	229
3939	5744
3943	5
3943	14
3943	3341
3972	4
3972	5
3972	10
3972	80
3972	3340
3972	4462
4006	9
4006	137
4039	1
4039	141
4085	275
4085	352
4085	357
4085	615
4085	644
4085	668
4085	934
4085	1094
4085	2591
4085	2888
4085	2995
4085	5396
4085	6187
4085	6188
4085	6311
4146	11
4146	13
4146	5809
4146	5818
4232	342
4232	3723
4256	13
4256	43
4272	1
4272	5
4272	141
4272	4181
4272	6010
4302	108
4302	119
4302	1302
4332	117
4332	255
4332	4454
4332	4732
4411	1
4411	4
4411	80
4411	2631
4411	4236
4421	25
4421	42
4421	666
4421	4462
4454	5
4454	1268
4489	73
4489	4144
4501	13
4501	43
4618	5
4618	5744
4619	5
4619	5753
4620	5
4620	5750
4633	5
4633	5762
4652	105
4652	4688
4652	4824
4652	6022
4666	1
4666	1267
4677	8
4677	9
4677	101
4677	4734
4688	5
4688	5759
4691	9
4691	944
4700	8
4700	9
4700	4846
4702	105
4702	4851
4823	122
4823	4677
4846	105
4846	5888
4851	15
4851	5893
4874	1
4874	5925
4877	8
4877	9
4877	4882
4882	105
4882	5897
4895	13
4895	5925
4896	4916
4927	55
4927	6138
5125	22
5125	68
5125	1136
5125	6006
5223	4
5223	11
5223	229
5223	5758
5223	5759
5301	21
5301	5302
5335	9
5335	13
5335	20
5335	5336
5335	5691
5338	10
5338	5596
5345	8
5345	231
5345	279
5345	5378
5378	111
5378	118
5381	68
5381	1169
5382	85
5382	117
5382	231
5382	279
5382	13378
5427	11
5427	13
5427	13309
5512	262
5512	672
5552	6250
5673	55
5673	5681
5686	8
5686	5696
5691	5692
5691	5694
5693	5692
5693	5694
5694	5693
5694	11433
5697	13
5697	5686
5745	4
5745	11
5745	229
5745	4246
5745	5746
5747	5
5747	5746
5749	4
5749	11
5749	229
5749	5748
5749	5750
5752	4
5752	11
5752	229
5752	5751
5752	5753
5755	4
5755	11
5755	229
5755	5754
5755	5756
5757	5
5757	5756
5761	4
5761	11
5761	229
5761	5760
5761	5762
5764	4
5764	5763
5776	3167
5776	6453
5801	21
5801	5802
5803	21
5803	5804
5813	21
5813	5814
5816	22
5816	68
5816	5817
5818	21
5818	828
5818	6245
5841	253
5841	442
5868	110
5868	5869
5892	8
5892	9
5892	4702
5893	3543
5893	11826
5897	15
5897	5898
5898	3543
5898	11827
5928	8
5928	9
5928	5929
5994	24
5994	6255
6006	14463
6007	1
6007	5
6007	80
6007	671
6007	14463
6010	22
6010	4181
6010	5125
6016	181
6016	259
6016	6016
6019	85
6023	1
6023	6023
6026	6251
6026	6253
6055	9
6055	25
6055	6054
6055	6056
6140	55
6140	6139
6156	10
6156	352
6156	4256
6186	615
6186	6187
6235	689
6251	6025
6251	6252
6452	3167
6452	6453
6715	24
6715	527
6893	111
6893	222
7118	24
7118	512
8604	12095
8639	12096
9813	1063
9820	91
9820	512
9825	6714
10905	5659
10905	5831
11356	13
11356	4574
11356	5859
11432	5693
11432	11433
11434	5
11434	13
11434	80
11434	11435
11434	11437
11435	8
11435	11436
11436	55
11436	11453
11439	58
11439	11440
11453	1
11453	2582
11453	11811
11472	9
11472	7838
11477	615
11477	934
11541	21
11541	84
11541	11542
11811	1
11811	6
11811	129
11826	3543
11826	11826
11827	3543
11827	11827
11948	100
11948	11949
11949	10
11949	11950
12214	5382
12214	12215
13309	21
13309	2059
13378	68
13378	231
14119	91
14119	14120
