1	2
1	3
1	4
1	5
1	8
1	9
1	12
1	13
1	14
1	15
1	17
1	20
1	21
1	25
1	31
1	33
1	35
1	37
1	44
1	58
1	60
1	63
1	65
1	66
1	69
1	75
1	80
1	84
1	85
1	93
1	99
1	101
1	105
1	112
1	114
1	144
1	147
1	148
1	162
1	180
1	189
1	197
1	221
1	234
1	241
1	252
1	258
1	267
1	293
1	299
1	327
1	334
1	342
1	352
1	365
1	438
1	526
1	585
1	617
1	655
1	760
1	804
1	818
1	954
1	1134
1	1181
1	1335
1	2170
1	2835
1	2946
1	3089
1	3341
1	3523
1	3539
1	3688
1	3723
1	3802
1	3895
1	4554
1	4824
1	5635
1	5691
1	5712
1	5838
1	5925
1	6017
1	6144
1	6240
1	6377
1	6755
1	7838
1	11440
1	11542
1	11924
1	13952
2	3
2	6
2	8
2	9
2	13
2	15
2	16
2	20
2	25
2	35
2	46
2	61
2	63
2	74
2	93
2	111
2	112
2	119
2	144
2	152
2	169
2	206
2	227
2	234
2	236
2	252
2	354
2	361
2	363
2	364
2	365
2	415
2	416
2	447
2	705
2	882
2	886
2	1346
2	1931
2	2047
2	2163
2	2412
2	2430
2	2553
2	2554
2	2702
2	2839
2	2876
2	2984
2	2987
2	2988
2	2992
2	3125
2	3127
2	3402
2	3511
2	3512
2	3785
2	4030
2	5336
2	5378
2	5691
2	5820
2	6112
2	6113
3	4
3	6
3	8
3	11
3	20
3	22
3	24
3	33
3	60
3	71
3	80
3	84
3	99
3	109
3	111
3	162
3	236
3	248
3	258
3	334
3	349
3	415
3	455
3	504
3	577
3	617
3	655
3	709
3	804
3	818
3	954
3	957
3	1181
3	2051
3	2137
3	2170
3	2835
3	2946
3	4554
3	5406
3	5445
3	5449
3	5467
3	5577
3	5635
3	6002
3	6054
3	6144
3	6240
3	6755
3	9813
3	9821
3	10700
3	11924
3	13952
3	14090
3	14099
4	1
4	3
4	30
4	5548
4	6142
4	7490
5	1
5	6
5	129
5	5235
5	5394
5	6142
6	5
6	11
6	14
6	24
6	33
6	71
6	80
6	84
6	111
6	197
6	236
6	334
6	343
6	415
6	445
6	504
6	577
6	2888
6	3341
6	3715
6	6017
6	6102
6	11437
7	27
7	295
8	2
8	1284
8	5841
9	1
9	2
9	4
9	5
9	10
9	11
9	73
9	74
9	80
9	106
9	147
9	153
9	178
9	227
9	236
9	242
9	253
9	262
9	385
9	442
9	465
9	672
9	2876
9	5925
10	4
10	5
10	11
10	24
10	40
10	54
10	80
10	91
10	100
10	229
10	512
10	527
10	681
10	3112
10	11949
10	14120
11	1
11	3
11	8
11	22
11	68
11	169
11	5548
12	12
12	148
12	6250
13	1
13	2
13	9
13	73
13	106
13	119
13	147
13	242
13	262
13	295
13	385
13	4051
14	8
14	9
14	13
14	20
14	63
14	152
14	169
16	111
16	1352
17	1
17	5546
19	1
19	2
19	11
19	21
19	73
19	84
19	828
19	1079
19	1152
19	1733
19	2059
19	2967
19	3391
19	4157
19	4160
19	4728
19	5198
19	5199
19	5302
19	5312
19	5523
19	5802
19	5804
19	5814
19	6199
19	6245
19	11542
20	8
20	119
20	147
21	147
21	3539
22	4
22	5
22	8
22	11
22	15
22	24
22	35
22	74
22	84
22	104
22	112
22	206
22	361
22	454
22	1136
22	11437
24	10
24	227
24	1136
24	2727
24	3341
24	4341
24	5135
24	6442
25	8
25	9
25	13
25	20
25	415
25	2987
25	6112
27	1
27	127
28	3
28	30
28	111
31	615
31	668
33	8
33	227
36	1
36	11
36	74
37	10
37	13
37	20
37	65
37	101
37	1259
37	2412
37	5596
37	5598
39	13
39	21
39	39
39	2967
41	10
41	13
41	20
41	886
41	3341
44	9
44	13
44	35
44	46
44	74
44	3794
46	13
46	46
47	10
47	13
47	20
47	1931
47	2727
49	9
49	13
49	20
49	35
49	152
49	438
49	2984
49	3794
49	6113
51	1
51	127
51	4742
51	4805
52	4
52	80
52	617
55	8
55	112
58	8
58	9
58	234
61	13
61	16
62	13
62	14
62	20
62	327
62	2163
63	13
63	46
63	74
63	112
63	354
63	447
63	3785
63	11435
64	3
64	8
64	9
64	13
64	20
64	25
64	63
64	144
65	13
65	20
65	2553
65	5820
66	13
66	21
66	4157
66	4160
66	4432
66	4728
68	117
68	5125
68	13378
71	4
71	60
71	162
73	13
73	20
73	2430
74	22
74	4085
75	8
75	9
75	13
75	15
75	25
75	29
75	46
75	63
75	74
75	354
75	447
75	3785
77	9
77	327
78	13
78	20
78	3512
79	13
79	20
79	3511
80	1
80	3
80	6
80	11
80	129
80	3291
80	5548
80	6142
80	7490
81	74
81	104
81	354
81	447
81	3785
82	13
82	20
82	2839
84	4
84	5
84	33
84	80
84	5125
85	8
85	15
85	104
85	112
85	231
85	279
85	354
89	615
89	2591
92	85
93	4
93	5
93	30
93	55
93	80
93	111
93	1352
93	3892
95	615
95	1094
97	13
97	20
97	3125
100	10
100	2876
101	4
101	5
101	8
101	9
101	80
101	234
101	415
101	504
103	13
103	29
105	8
105	15
105	106
105	119
106	1
106	1168
116	4
116	5
116	8
116	80
116	93
116	577
117	1
117	20
117	119
117	199
117	1168
117	5382
117	12215
118	4
118	5
118	11
118	68
118	80
118	111
118	117
118	197
118	231
118	236
118	279
118	11437
123	13
123	20
123	2047
128	55
128	6138
128	6139
129	13
129	4432
129	4574
130	4
130	9
130	35
130	80
130	119
130	262
130	655
130	3794
131	2
131	13
131	39
131	74
131	206
131	342
135	13
135	20
135	21
135	1152
135	2988
140	357
140	615
141	11
141	4424
143	5
143	65
143	101
143	364
143	415
143	445
144	8
144	35
144	119
144	242
146	1371
146	2734
148	13
148	20
148	2702
152	13
152	20
152	3402
159	275
159	615
161	11
161	71
163	8
163	2876
169	9
169	327
169	438
170	147
170	3089
183	13
183	20
183	2554
184	8
184	111
185	221
186	4
186	22
186	80
188	13
188	20
188	2992
195	55
195	5681
195	6062
196	13
196	4030
197	8
197	236
199	231
201	13
201	46
203	4
203	80
203	13952
206	8
206	342
208	615
208	2995
212	147
212	442
214	8
214	178
214	364
214	672
226	4
226	5
226	71
226	80
229	1134
229	3688
229	4688
229	6022
229	6025
229	6251
229	6252
229	6253
234	101
234	3294
236	1159
239	8
239	705
243	615
243	5396
247	615
247	2888
248	11
248	68
248	1136
248	4424
252	8
252	9
252	252
255	8
255	61
256	4
256	22
256	80
269	55
269	3892
269	5980
275	85
275	636
275	5345
281	8
281	15
281	104
281	112
281	447
286	13
286	39
286	44
286	74
286	342
286	361
294	262
294	442
329	352
329	615
330	242
330	672
337	27
337	295
337	438
342	5
342	80
342	343
343	2
343	8
343	15
343	35
343	44
343	63
343	75
343	112
343	342
343	3723
343	3802
343	3895
344	55
344	5980
352	14
352	85
354	111
354	118
357	33
357	352
357	4257
360	8
360	206
361	35
361	342
362	8
362	361
364	8
364	363
365	8
365	364
365	415
365	1346
387	242
387	442
388	10
388	5135
392	615
392	644
407	13
407	20
407	3127
415	4
415	5
415	80
415	504
416	40
416	681
432	4
432	709
445	80
445	234
447	111
447	279
458	13
458	39
458	63
458	342
459	13
459	39
460	13
460	75
460	342
460	365
469	4
469	5
469	80
469	84
475	14
475	299
526	8
526	106
526	365
526	672
546	6
546	5235
555	4
555	5
555	80
555	334
559	147
559	672
562	9
562	17
570	55
570	6062
577	4
577	80
577	258
579	4
579	10
579	248
579	1136
579	4424
579	5118
579	5119
582	10
582	5598
605	10
605	416
615	22
615	4085
630	10
630	4424
631	1
631	74
631	197
632	5831
637	4
637	80
637	954
641	8
641	416
655	13
655	20
655	25
655	119
655	144
655	385
668	1172
668	5345
670	93
670	114
673	84
673	118
677	13
677	39
681	10
681	416
686	4136
699	74
699	454
705	112
705	342
729	12452
760	221
760	760
780	5659
787	13
787	20
787	2839
794	615
794	1096
821	21
821	3391
842	5
842	80
842	6017
856	21
856	2967
857	3
857	13
857	20
857	25
881	14
881	526
900	11
900	810
916	24
916	3112
921	8
921	9
921	415
944	1
944	2637
962	6
962	5394
1033	10
1033	5118
1083	689
1094	8
1094	111
1094	577
1094	5378
1096	5
1096	2888
1097	8
1097	15
1097	104
1097	112
1097	3785
1101	231
1101	3291
1103	11
1103	105
1103	119
1103	295
1134	13
1134	882
1149	4
1149	80
1149	1181
1149	1259
1167	9
1167	585
1170	4
1170	80
1170	6240
1172	5345
1185	2
1185	5841
1188	4
1188	349
1204	2
1204	1284
1228	13
1228	35
1233	93
1233	189
1346	15
1346	342
1412	3
1412	6
1412	6142
1451	615
1451	6188
1563	8
1563	169
1586	37
1586	180
1635	13
1635	20
1635	886
1636	13
1636	20
1636	2163
1637	13
1637	20
1637	3402
1637	6113
1638	13
1638	20
1638	2984
1639	13
1639	20
1639	3125
1640	13
1640	20
1640	6112
1641	13
1641	20
1641	2987
1642	13
1642	20
1642	2412
1643	13
1643	20
1643	2988
1644	13
1644	20
1644	3127
1645	13
1645	20
1645	2047
1646	13
1646	20
1646	1931
1647	13
1647	20
1647	2430
1647	5336
1648	13
1648	20
1648	3511
1649	13
1649	20
1649	2702
1650	13
1650	20
1650	2553
1651	13
1651	20
1651	2992
1652	13
1652	20
1652	3512
1653	13
1653	20
1653	2554
1697	615
1697	6311
1736	442
1736	465
1762	385
1762	442
1798	267
1798	1335
1984	4
1984	2137
2066	12453
2315	1
2315	2582
2315	11811
2430	101
2430	3294
2442	21
2442	6199
2470	5830
2576	4
2576	80
2576	11924
2670	4
2670	80
2670	818
2743	3800
2743	11475
2909	4
2909	80
2909	14099
2939	10
2939	5119
2972	4
2972	80
2972	2051
3023	342
3023	3895
3087	1
3087	3
3087	5548
3120	69
3120	93
3150	153
3150	442
3263	11
3263	73
3263	1079
3263	5198
3283	10
3283	6442
3356	1
3356	4309
3393	4
3393	6054
3561	6143
3688	54
3688	229
3793	1
3793	5546
3794	20
3794	122
3803	10
3803	4341
3826	4
3826	5406
3880	66
3880	3523
3943	5
3943	14
3943	3341
3968	5
3968	3715
4085	275
4085	352
4085	357
4085	615
4085	644
4085	668
4085	934
4085	1094
4085	1096
4085	2591
4085	2888
4085	2995
4085	5396
4085	6187
4085	6188
4085	6311
4232	342
4232	3723
4250	3800
4250	11475
4283	342
4283	3802
4652	105
4652	4688
4652	4824
4652	6022
4677	119
4677	4051
4823	122
4823	4677
4874	1
4874	5925
4895	13
4895	5925
4927	55
4927	6138
5125	22
5125	68
5125	1136
5130	4
5130	80
5130	2835
5196	1733
5196	5198
5196	5199
5196	5312
5197	1733
5197	5198
5197	5199
5197	5312
5301	21
5301	5302
5335	9
5335	13
5335	20
5335	5336
5335	5691
5338	10
5338	5596
5345	8
5345	231
5345	279
5345	5378
5356	1
5356	127
5356	4805
5378	111
5378	118
5382	117
5382	231
5382	13378
5444	4
5444	5445
5445	4
5445	80
5445	4554
5448	4
5448	5449
5450	4
5450	5467
5512	262
5512	672
5522	21
5522	5523
5552	6250
5576	4
5576	5577
5634	4
5634	80
5634	5635
5635	5832
5665	4
5665	99
5673	55
5673	5681
5691	5692
5691	5694
5693	5692
5693	5694
5694	5693
5694	11433
5713	293
5713	5712
5776	3167
5776	6453
5801	21
5801	5802
5803	21
5803	5804
5813	21
5813	5814
5818	21
5818	828
5818	6245
5823	4
5823	957
5839	31
5839	5838
5841	253
5841	442
5936	4
5936	80
5936	2946
5966	1
5966	127
5966	4742
5984	4
5984	80
5984	109
5985	4
5985	804
6001	4
6001	80
6001	6002
6002	4
6002	2170
6010	11
6010	810
6026	6251
6026	6253
6060	14
6060	241
6103	5
6103	80
6103	6102
6140	55
6140	6139
6145	4
6145	6144
6186	615
6186	6187
6235	689
6235	1371
6235	2734
6251	6025
6251	6252
6376	33
6376	6377
6452	3167
6452	6453
6548	4
6548	24
6548	80
6715	24
6715	527
6749	4
6749	80
6749	9821
6754	4
6754	6755
6893	111
6893	222
6899	1
6899	3
6899	7490
7118	24
7118	512
8604	12095
8639	12096
9812	4
9812	80
9812	9813
9820	91
9820	512
10905	5659
10905	5831
11356	13
11356	4574
11432	5693
11432	11433
11434	5
11434	13
11434	80
11434	11435
11434	11437
11436	55
11436	11453
11439	58
11439	11440
11453	1
11453	2582
11453	11811
11472	9
11472	7838
11477	615
11477	934
11541	21
11541	84
11541	11542
11811	1
11811	6
11811	129
11948	100
11948	11949
12214	5382
12214	12215
13309	21
13309	2059
13378	68
13378	231
13638	4
13638	80
13638	10700
14089	4
14089	80
14089	14090
14119	91
14119	14120
14899	11
14899	3291
