1	3
1	4
1	5
1	8
1	9
1	11
1	13
1	14
1	15
1	17
1	20
1	21
1	22
1	25
1	26
1	30
1	33
1	35
1	42
1	47
1	49
1	58
1	60
1	63
1	65
1	66
1	69
1	74
1	75
1	80
1	84
1	86
1	93
1	97
1	101
1	105
1	109
1	112
1	114
1	134
1	137
1	144
1	152
1	155
1	161
1	180
1	188
1	189
1	197
1	212
1	252
1	255
1	283
1	299
1	302
1	342
1	365
1	438
1	454
1	460
1	463
1	526
1	571
1	655
1	666
1	740
1	805
1	864
1	870
1	954
1	966
1	1024
1	1035
1	1043
1	1081
1	1419
1	1606
1	1678
1	1962
1	3203
1	3393
1	3523
1	3589
1	3723
1	4171
1	4677
1	4691
1	4824
1	5116
1	5411
1	5412
1	5569
1	5655
1	5688
1	5691
1	5698
1	5729
1	5925
1	5947
1	5951
1	6000
1	6022
1	6056
1	7086
1	11427
1	11542
1	11544
1	11943
1	11944
1	11947
1	14088
1	14091
1	14101
1	14109
1	14145
1	14179
2	2
2	3
2	6
2	8
2	9
2	11
2	13
2	15
2	20
2	24
2	25
2	40
2	44
2	46
2	53
2	63
2	64
2	68
2	74
2	75
2	81
2	91
2	92
2	93
2	112
2	117
2	119
2	131
2	144
2	152
2	154
2	169
2	201
2	206
2	224
2	231
2	236
2	252
2	286
2	363
2	458
2	459
2	460
2	531
2	562
2	668
2	705
2	857
2	886
2	1043
2	1102
2	1107
2	1159
2	1172
2	1345
2	1346
2	1931
2	2047
2	2163
2	2412
2	2430
2	2553
2	2554
2	2702
2	2729
2	2839
2	2984
2	2987
2	2988
2	2992
2	3082
2	3125
2	3127
2	3175
2	3511
2	3512
2	4030
2	4133
2	4312
2	4556
2	4752
2	5336
2	5686
2	5691
2	5696
2	5820
2	5890
2	5894
2	5899
2	5983
2	5993
2	6112
2	6113
2	6397
2	6509
2	11472
2	12987
3	1
3	4
3	6
3	8
3	11
3	14
3	22
3	24
3	25
3	26
3	36
3	48
3	71
3	80
3	84
3	111
3	143
3	161
3	168
3	236
3	248
3	264
3	332
3	349
3	399
3	441
3	577
3	655
3	709
3	805
3	1606
3	2051
3	2137
3	2232
3	3203
3	3344
3	3393
3	3912
3	4281
3	5259
3	5261
3	5263
3	5265
3	5267
3	5269
3	5445
3	5577
3	5655
3	5778
3	5938
3	5947
3	6002
3	9820
3	11943
3	11944
3	14088
3	14090
3	14091
3	14099
3	14101
3	14109
3	14179
4	1
4	3
4	7490
5	1
5	6
5	9
5	11
5	80
5	1641
5	3741
5	5585
5	12988
6	5
6	11
6	14
6	22
6	24
6	25
6	26
6	64
6	80
6	111
6	161
6	197
6	236
6	343
6	356
6	441
6	577
6	685
6	688
6	703
6	966
6	1268
6	2637
6	2652
6	3082
6	3912
6	4133
6	4281
6	5344
6	5379
6	5655
6	5744
6	5746
6	5750
6	5753
6	5756
6	5759
6	5762
6	5947
7	1
7	6
7	11
7	27
7	48
7	80
7	125
7	161
7	295
7	5585
7	6635
8	2
8	8
8	1284
8	1801
8	5841
9	1
9	2
9	4
9	5
9	73
9	80
9	106
9	117
9	147
9	153
9	236
9	242
9	253
9	262
9	385
9	442
9	465
9	672
9	3082
9	4133
9	4188
9	4454
9	5925
10	1
10	4
10	5
10	8
10	9
10	11
10	13
10	20
10	24
10	36
10	40
10	91
10	100
10	154
10	356
10	531
11	8
11	10
11	22
11	26
11	68
11	139
11	169
11	3981
11	5516
11	5604
11	5935
11	6640
12	6250
13	1
13	2
13	9
13	73
13	106
13	108
13	119
13	147
13	242
13	295
13	4051
14	1
14	8
14	9
14	22
14	63
14	64
14	108
14	169
14	1596
14	1659
14	5890
14	5894
14	5899
15	8
15	75
16	111
16	122
16	877
16	894
16	1352
16	3069
16	3221
16	3345
16	3460
16	4281
16	5271
16	5272
16	5273
16	5275
16	5276
17	1
17	8
17	562
17	5546
19	1
19	2
19	11
19	21
19	73
19	84
19	828
19	1137
19	1152
19	1733
19	2059
19	2463
19	2967
19	4156
19	4158
19	4311
19	4692
19	5198
19	5199
19	5302
19	5312
19	5523
19	5778
19	5802
19	5804
19	5814
19	6199
19	6245
19	11542
20	8
20	119
20	147
21	155
21	212
22	1
22	4
22	5
22	8
22	9
22	11
22	15
22	20
22	24
22	35
22	74
22	104
22	112
22	206
22	361
22	454
22	1136
22	3340
22	3589
22	3981
22	6201
24	10
24	11
24	264
24	332
24	1136
24	2232
24	3344
24	3939
24	4341
24	5259
24	5261
24	5263
24	5265
24	5267
24	5269
24	6020
25	1
25	4
25	5
25	8
25	9
25	11
25	13
25	14
25	20
25	26
25	64
25	80
25	334
25	2987
25	5167
25	5569
25	5672
25	5711
25	6112
25	12989
26	25
26	36
26	166
26	222
26	232
26	302
26	957
26	1179
26	1250
26	1267
26	5527
26	5528
26	5539
26	5946
26	6102
28	11
28	30
28	111
28	122
28	244
28	605
31	8
31	92
33	13
33	20
33	24
33	5993
35	8
35	44
35	201
36	8
36	11
36	74
37	4
37	11
37	13
37	14
37	20
37	65
37	80
37	101
37	143
37	1242
37	1259
37	2412
39	13
39	21
39	39
39	2967
40	10
40	30
40	264
40	605
41	13
41	20
41	886
42	8
42	9
42	30
42	91
42	97
42	122
42	1118
42	1352
44	9
44	13
44	35
44	46
44	74
44	96
45	11
45	12
45	3363
46	13
46	46
47	13
47	20
47	1931
49	8
49	9
49	11
49	13
49	20
49	25
49	36
49	99
49	152
49	438
49	2984
49	3082
49	6113
51	25
51	1419
51	3740
55	8
55	112
58	4
58	11
58	80
59	13
59	224
61	9
61	255
62	13
62	20
62	2163
63	13
63	14
63	46
63	74
63	75
63	112
64	3
64	8
64	9
64	13
64	20
64	22
64	25
64	63
64	108
64	144
64	152
64	352
65	1
65	13
65	14
65	20
65	22
65	78
65	97
65	542
65	661
65	2291
65	2553
65	5699
65	5820
66	21
66	4156
66	4158
67	6019
68	9
68	22
68	117
68	1081
68	5125
68	13378
73	13
73	20
73	2430
74	9
74	1269
74	4691
75	8
75	9
75	13
75	15
75	25
75	46
75	63
75	74
77	9
77	327
78	13
78	14
78	20
78	22
78	463
78	3512
79	13
79	20
79	25
79	166
79	3511
80	1
80	3
80	5
80	6
80	7
80	9
80	27
80	33
80	94
80	97
80	343
80	703
80	1641
80	3741
80	5778
80	7490
80	12988
80	14818
81	74
81	104
82	11
82	13
82	20
82	25
82	483
82	1179
82	2839
84	3589
85	25
85	231
85	279
85	352
88	30
88	126
88	244
91	10
91	26
91	139
91	2232
93	30
93	55
93	111
93	1352
93	3892
96	35
96	3862
97	13
97	14
97	20
97	22
97	42
97	283
97	302
97	957
97	2291
97	3125
99	25
99	222
100	10
100	894
100	1352
100	3344
100	4570
100	4644
100	5449
100	5467
101	4
101	11
101	14
101	80
101	143
101	2972
103	13
103	842
104	8
104	81
105	8
105	15
105	106
105	119
106	1
106	1168
109	68
109	6006
110	35
110	3862
112	8
112	63
116	4
116	5
116	8
116	80
116	93
116	577
117	1
117	20
117	119
117	199
117	1168
117	5382
117	12215
118	4
118	5
118	68
118	80
118	111
118	117
118	197
118	231
118	236
118	279
118	3506
121	8
121	117
123	13
123	20
123	2047
125	126
125	244
126	1
126	125
129	13
129	235
129	341
129	448
129	4574
129	5859
129	11356
130	4
130	80
130	655
131	13
131	39
131	74
131	206
134	170
134	315
135	13
135	20
135	21
135	1152
135	2988
136	10
136	877
136	1352
136	5269
138	10
138	26
138	139
141	101
141	966
143	16
143	65
143	101
143	364
143	966
144	119
144	242
144	5775
144	6510
146	1371
146	2734
148	4
148	5
148	13
148	20
148	80
148	2702
148	3912
149	1
149	4
149	5
149	11
149	22
149	36
149	80
149	122
151	1419
151	3740
152	14
152	49
154	1352
154	5272
155	1
155	73
155	542
155	2291
155	4144
156	13
156	5809
156	13425
158	1
158	24
158	33
158	36
158	311
158	417
160	4
160	27
160	48
160	80
161	26
161	5167
163	13
163	5983
169	9
169	327
169	438
170	147
170	4188
173	11
173	229
173	685
179	86
179	134
183	13
183	20
183	2554
188	13
188	14
188	20
188	109
188	2992
194	5775
194	6510
196	13
196	4030
197	8
197	236
199	6019
201	13
201	46
206	8
206	131
206	342
212	147
212	442
221	8
221	1172
222	11
222	84
224	8
224	53
226	4
226	71
226	80
227	9
227	33
229	10
229	3939
232	6201
235	13
235	341
236	9
236	197
236	1159
237	11
237	30
239	8
239	705
241	14
241	60
244	88
244	399
245	12
245	5844
248	11
248	68
248	1136
249	13
249	20
249	154
251	1
251	22
251	25
251	108
251	254
252	8
252	9
252	252
258	4
258	80
258	168
263	4
263	5
263	8
263	80
263	441
263	1102
267	8
267	668
269	55
269	3892
275	636
279	4
279	9
279	80
279	3393
279	4691
281	7836
283	33
283	97
286	13
286	39
286	74
286	361
294	262
294	442
297	1
297	42
297	97
297	155
299	106
299	442
302	1
302	11
302	6114
310	8
310	231
311	1
311	5
311	11
311	26
311	80
311	417
311	5379
315	170
315	750
315	986
315	7282
320	33
320	94
320	97
320	343
320	1755
320	5824
330	242
330	672
334	25
334	232
337	27
337	295
337	438
339	3129
339	3715
341	13
341	448
342	5
342	33
342	80
342	94
342	97
342	343
343	8
343	15
343	35
343	112
343	342
343	3723
346	6124
347	13
347	20
347	40
350	165
354	111
354	118
355	11
355	3758
360	8
360	206
361	8
361	35
361	286
361	342
363	8
363	459
364	8
364	363
365	8
365	16
365	101
365	364
365	1346
387	242
387	442
390	4
390	80
390	88
390	399
407	13
407	20
407	3127
418	5
418	8
418	356
418	1107
430	1
430	931
430	3741
432	4
432	709
437	25
437	1250
441	1
441	5
441	80
441	3082
441	3340
447	111
447	279
448	13
448	11356
455	3
455	13
458	13
458	14
458	39
458	460
459	13
459	39
459	842
460	13
460	365
463	1
463	78
463	3506
469	4
469	80
469	84
475	14
475	299
490	8
490	9
490	531
491	14
491	22
491	1962
493	5
493	8
493	80
493	2637
493	2652
493	3175
506	11
506	245
506	302
506	5528
511	1
511	1659
522	5
522	966
526	106
526	672
542	97
542	1118
544	1
544	6
544	11
544	80
544	5585
559	147
559	672
562	9
562	17
579	4
579	10
579	248
579	1136
593	4
593	80
593	14179
606	11
606	302
606	519
606	5527
623	4
623	5
623	80
623	111
624	8
624	4133
630	1352
630	3460
631	1
631	8
631	74
631	197
631	1159
632	5831
636	13
636	96
640	1
640	4
640	264
640	658
655	13
655	20
655	25
655	144
670	93
670	114
673	2
673	84
673	118
673	1801
677	13
677	39
687	688
687	5344
699	9
699	74
699	454
704	7
704	27
705	8
705	112
705	342
705	458
748	5778
748	14818
780	5659
787	13
787	20
787	2839
794	615
794	1096
811	11
811	5627
831	864
831	1678
842	1
842	687
842	11907
856	21
856	2967
857	3
857	13
857	20
857	25
877	5116
881	14
881	526
885	22
885	4171
900	22
900	5125
931	14
931	1024
944	1
944	2637
979	33
979	94
979	97
979	343
979	5688
979	5824
1005	9
1005	65
1033	1352
1033	3345
1051	21
1051	2463
1081	8
1081	68
1086	1
1086	1122
1094	111
1094	577
1099	111
1099	424
1100	25
1100	1267
1101	3291
1102	9
1102	188
1103	11
1103	105
1103	119
1103	295
1118	14
1118	42
1118	109
1118	155
1118	2291
1137	170
1137	315
1137	750
1144	1
1144	4
1144	332
1144	877
1149	1259
1153	9
1153	69
1157	4
1157	5
1157	80
1157	1352
1157	4281
1165	4
1165	25
1165	80
1177	9
1177	92
1177	137
1179	11
1179	3765
1185	2
1185	13
1185	857
1185	5841
1188	4
1188	349
1197	11
1197	6224
1204	2
1204	1284
1209	11
1209	229
1209	685
1209	5744
1209	5746
1209	5750
1209	5753
1209	5756
1209	5759
1209	5762
1213	91
1230	13
1230	13425
1233	93
1233	189
1242	14
1242	143
1242	2972
1250	5
1250	80
1250	4133
1269	9
1269	251
1271	5
1271	685
1279	8
1279	4556
1302	1
1302	11
1302	3506
1319	5
1319	703
1326	94
1326	1755
1344	8
1344	1345
1346	8
1346	15
1346	342
1346	460
1352	16
1352	101
1352	364
1384	1
1384	1596
1449	242
1449	1978
1528	33
1528	5688
1563	8
1563	169
1609	8
1609	2729
1635	13
1635	20
1635	886
1636	13
1636	20
1636	2163
1637	13
1637	20
1637	6113
1638	13
1638	20
1638	2984
1639	13
1639	20
1639	3125
1640	13
1640	20
1640	6112
1641	13
1641	20
1641	2987
1642	13
1642	20
1642	2412
1643	13
1643	20
1643	2988
1644	13
1644	20
1644	3127
1645	13
1645	20
1645	2047
1646	13
1646	20
1646	1931
1647	13
1647	20
1647	2430
1647	5336
1648	13
1648	20
1648	3511
1649	13
1649	20
1649	2702
1650	13
1650	20
1650	2553
1651	13
1651	20
1651	2992
1652	13
1652	20
1652	3512
1653	13
1653	20
1653	2554
1693	11
1693	5578
1736	442
1736	465
1762	385
1762	442
1794	10
1794	5467
1832	10
1832	1352
1832	3221
1832	5261
1944	10
1944	1352
1944	5265
1944	5276
1977	242
1977	1978
1983	4
1983	80
1983	2137
2051	11
2051	1242
2133	9
2133	60
2166	302
2166	5951
2225	1
2225	4225
2291	14
2291	97
2291	109
2320	25
2320	5729
2378	302
2378	6102
2442	21
2442	6199
2463	4
2463	80
2463	5778
2469	21
2469	5778
2470	5830
2505	14
2505	7086
2512	1
2512	11
2512	5711
2512	6114
2532	9
2532	740
2565	8
2565	9
2565	1043
2593	10
2593	1352
2593	5259
2593	5273
2613	27
2613	161
2637	1
2637	230
2647	5935
2693	14
2693	954
2743	3800
2743	11475
2798	11
2798	26
2798	3167
2798	5672
2909	4
2909	80
2909	14099
2939	1352
2939	3069
2972	4
2972	80
2972	2051
2987	6
2987	1641
2987	3741
3057	4
3057	80
3057	1606
3078	14
3078	1035
3120	69
3120	93
3150	153
3150	442
3175	9
3175	1269
3193	11
3193	12
3193	3363
3193	5695
3193	5844
3227	11
3227	5636
3240	6635
3296	11
3296	14
3296	3415
3306	21
3306	4311
3319	5
3319	688
3356	1
3356	4309
3360	9
3360	870
3372	3129
3372	3715
3453	11
3453	3589
3460	6000
3479	1
3479	445
3506	1
3506	78
3506	661
3546	9
3546	137
3620	14
3620	60
3638	13
3638	20
3638	4312
3657	11
3657	13
3657	5818
3657	13309
3793	1
3793	5546
3798	3633
3803	10
3803	4341
3880	66
3880	3523
3912	4
3912	5
3912	25
3912	80
3939	11
3939	229
3939	5744
3979	22
3979	424
4006	9
4006	137
4039	1
4039	141
4085	615
4085	1096
4122	8
4122	9
4122	6509
4146	11
4146	13
4146	5809
4146	5818
4232	342
4232	3723
4250	3800
4250	11475
4253	894
4253	4570
4272	1
4272	141
4281	4
4281	5
4281	80
4281	5947
4302	108
4302	119
4302	1302
4332	117
4332	255
4332	4454
4332	4732
4390	25
4390	5539
4405	1
4405	4
4405	3344
4405	3345
4421	42
4421	666
4435	4
4435	80
4435	11944
4441	21
4441	4692
4454	5
4454	1268
4489	73
4489	4144
4556	8
4556	4752
4575	11
4575	5411
4575	5412
4618	5
4618	5744
4619	5
4619	5753
4620	5
4620	5750
4633	5
4633	5762
4652	105
4652	4824
4666	64
4666	5569
4677	119
4677	4051
4688	5
4688	5759
4691	9
4691	944
4738	33
4738	6022
4874	1
4874	5925
4895	13
4895	5925
4916	4677
4916	5569
5125	22
5125	68
5125	1136
5125	6006
5167	4
5167	5
5167	14
5167	80
5167	161
5196	1733
5196	5198
5196	5199
5196	5312
5197	1733
5197	5198
5197	5199
5197	5312
5200	11
5200	5800
5223	11
5223	229
5223	5759
5239	5516
5258	1
5258	4
5258	5259
5258	5272
5260	1
5260	4
5260	5261
5260	5273
5262	1
5262	4
5262	3221
5262	5263
5264	1
5264	4
5264	5265
5264	5275
5266	1
5266	4
5266	5267
5266	5276
5268	1
5268	4
5268	5269
5268	5271
5270	10
5270	1352
5270	5267
5270	5271
5274	10
5274	1352
5274	5263
5274	5275
5301	21
5301	5302
5335	9
5335	13
5335	20
5335	5336
5335	5691
5337	10
5337	4644
5345	231
5345	279
5378	111
5378	118
5379	11
5379	26
5382	117
5382	231
5382	13378
5386	5
5386	5344
5427	11
5427	13
5427	13309
5444	4
5444	5445
5461	10
5461	5449
5512	262
5512	672
5522	21
5522	5523
5552	6250
5576	4
5576	5577
5578	5604
5601	22
5601	232
5635	5832
5654	4
5654	5
5654	80
5654	5655
5668	1
5668	894
5686	8
5686	5696
5688	9
5688	33
5688	42
5688	5699
5689	12
5689	5695
5691	5692
5691	5694
5692	212
5692	5698
5693	5692
5693	5694
5694	5693
5694	11433
5697	13
5697	5686
5698	1
5698	5699
5699	14
5699	109
5699	5688
5700	33
5700	5699
5701	42
5701	5699
5702	9
5702	5699
5745	11
5745	229
5745	5746
5747	5
5747	5746
5749	11
5749	229
5749	5750
5752	11
5752	229
5752	5753
5755	11
5755	229
5755	5756
5757	5
5757	5756
5761	11
5761	229
5761	5762
5771	6508
5776	3167
5776	6453
5801	21
5801	5802
5803	21
5803	5804
5809	11
5809	5810
5813	21
5813	5814
5818	21
5818	828
5818	6245
5841	253
5841	442
5889	8
5889	9
5889	5890
5893	8
5893	9
5893	5894
5898	8
5898	9
5898	5899
5931	25
5931	42
5947	1
5947	4
5947	25
5947	5938
5947	5946
5983	20
5983	100
5993	20
5993	24
5998	1
5998	3069
6001	4
6001	80
6001	6002
6007	1
6007	671
6010	22
6010	5125
6019	85
6021	11
6021	6020
6055	9
6055	6056
6056	11
6056	6057
6123	6124
6202	4
6202	805
6206	9
6206	180
6235	1371
6235	2734
6244	14
6244	33
6367	11
6367	6368
6452	3167
6452	6453
6507	8
6507	9
6507	6508
6507	6509
6581	11
6581	6582
6641	6640
6893	111
6893	222
6899	1
6899	3
6899	7490
7281	986
7281	7282
7836	8
7836	11472
7838	13
7838	6397
9815	14
9815	180
9819	4
9819	80
9819	9820
10858	12449
10905	5659
10905	5831
11356	13
11356	4574
11356	5859
11426	22
11426	11427
11427	4
11427	80
11427	3203
11432	5693
11432	11433
11516	9
11516	11544
11519	58
11519	571
11541	21
11541	84
11541	11542
11907	688
11942	4
11942	80
11942	11943
11945	11947
11946	11947
12214	5382
12214	12215
12986	8
12986	12987
12987	6
12987	9
12987	12988
12988	26
12988	12989
12989	33
12989	47
13309	21
13309	2059
13378	68
13378	231
14087	4
14087	80
14087	14088
14089	4
14089	80
14089	14090
14090	4
14090	80
14090	14091
14097	11
14097	805
14099	4
14099	80
14099	14101
14108	4
14108	80
14108	14109
14144	14145
14145	4
14145	80
14145	2232
