1	1
1	3
1	4
1	5
1	7
1	8
1	9
1	10
1	11
1	13
1	14
1	15
1	17
1	18
1	20
1	21
1	25
1	27
1	30
1	31
1	33
1	35
1	36
1	37
1	41
1	42
1	47
1	51
1	58
1	60
1	63
1	65
1	66
1	69
1	75
1	77
1	80
1	84
1	85
1	89
1	93
1	94
1	95
1	97
1	99
1	101
1	105
1	106
1	109
1	112
1	114
1	116
1	124
1	132
1	135
1	137
1	138
1	140
1	144
1	151
1	155
1	156
1	159
1	160
1	161
1	162
1	165
1	166
1	167
1	169
1	178
1	180
1	181
1	184
1	188
1	189
1	194
1	195
1	197
1	212
1	221
1	234
1	243
1	250
1	252
1	255
1	256
1	258
1	259
1	267
1	281
1	285
1	294
1	299
1	302
1	330
1	331
1	334
1	342
1	345
1	348
1	365
1	398
1	438
1	460
1	462
1	492
1	526
1	536
1	548
1	571
1	585
1	588
1	614
1	617
1	633
1	641
1	645
1	655
1	670
1	721
1	740
1	794
1	804
1	818
1	864
1	870
1	890
1	954
1	962
1	966
1	984
1	1024
1	1035
1	1063
1	1117
1	1132
1	1179
1	1180
1	1181
1	1190
1	1228
1	1233
1	1268
1	1290
1	1304
1	1327
1	1419
1	1582
1	1678
1	1852
1	1885
1	2112
1	2170
1	2336
1	2489
1	2686
1	2741
1	2835
1	2929
1	2946
1	2954
1	3341
1	3465
1	3523
1	3589
1	3684
1	3692
1	3723
1	3806
1	3895
1	4376
1	4554
1	4640
1	4677
1	4691
1	4730
1	4734
1	4824
1	4874
1	4884
1	4895
1	4896
1	5116
1	5255
1	5297
1	5345
1	5394
1	5402
1	5411
1	5412
1	5512
1	5569
1	5635
1	5684
1	5691
1	5698
1	5729
1	5796
1	5887
1	5922
1	5923
1	5925
1	5951
1	6000
1	6015
1	6016
1	6017
1	6022
1	6056
1	6135
1	6144
1	6148
1	6240
1	6503
1	6567
1	6714
1	6755
1	7086
1	7838
1	11440
1	11542
1	11824
1	11924
1	11947
1	11950
1	13952
1	14145
2	2
2	3
2	8
2	9
2	10
2	11
2	13
2	15
2	16
2	20
2	24
2	25
2	35
2	40
2	44
2	46
2	61
2	63
2	64
2	68
2	74
2	75
2	81
2	91
2	92
2	93
2	112
2	117
2	119
2	131
2	144
2	154
2	169
2	194
2	201
2	206
2	224
2	234
2	236
2	252
2	286
2	354
2	361
2	363
2	404
2	415
2	445
2	446
2	447
2	458
2	459
2	460
2	531
2	536
2	575
2	668
2	669
2	683
2	692
2	705
2	857
2	864
2	882
2	886
2	993
2	1102
2	1172
2	1212
2	1345
2	1346
2	1909
2	1931
2	2047
2	2163
2	2412
2	2430
2	2553
2	2554
2	2702
2	2839
2	2984
2	2987
2	2988
2	2992
2	3082
2	3125
2	3127
2	3175
2	3231
2	3287
2	3373
2	3402
2	3406
2	3511
2	3512
2	3541
2	3785
2	3838
2	4030
2	4133
2	4327
2	4419
2	4494
2	4556
2	4640
2	4681
2	4702
2	4752
2	4807
2	4823
2	4846
2	4877
2	4882
2	4919
2	5336
2	5378
2	5686
2	5691
2	5820
2	5890
2	5894
2	5899
2	5928
2	5929
2	5983
2	5993
2	6112
2	6113
2	6397
2	6503
2	6506
2	6507
2	6509
2	9332
2	11436
2	11472
3	4
3	6
3	11
3	14
3	20
3	22
3	24
3	26
3	33
3	36
3	60
3	71
3	80
3	84
3	99
3	109
3	111
3	135
3	143
3	162
3	167
3	168
3	236
3	248
3	258
3	264
3	332
3	334
3	349
3	399
3	441
3	455
3	479
3	527
3	577
3	617
3	655
3	709
3	804
3	818
3	954
3	957
3	969
3	1179
3	1181
3	1222
3	1929
3	2051
3	2137
3	2170
3	2232
3	2582
3	2835
3	2946
3	3232
3	3340
3	3344
3	3912
3	4236
3	4281
3	4554
3	4631
3	5259
3	5261
3	5263
3	5265
3	5267
3	5269
3	5406
3	5445
3	5449
3	5467
3	5577
3	5635
3	5778
3	6002
3	6054
3	6144
3	6240
3	6755
3	7335
3	9813
3	9820
3	9821
3	10700
3	11638
3	11924
3	13952
3	14090
3	14099
4	1
4	3
4	30
4	4091
4	5548
4	6142
4	7490
5	1
5	4
5	6
5	11
5	80
5	129
5	325
5	1641
5	3741
5	4039
5	5139
5	5235
5	5394
5	5585
5	6142
6	5
6	7
6	11
6	14
6	22
6	24
6	26
6	33
6	64
6	71
6	80
6	84
6	111
6	139
6	143
6	168
6	236
6	334
6	343
6	441
6	445
6	577
6	685
6	688
6	966
6	1268
6	2582
6	2637
6	2652
6	2888
6	3082
6	3287
6	3340
6	3341
6	3715
6	3912
6	4133
6	4181
6	4281
6	4631
6	5297
6	5344
6	5379
6	5744
6	5746
6	5750
6	5753
6	5756
6	5759
6	5762
6	5765
6	6010
6	6017
6	6102
6	11437
6	14463
7	1
7	3
7	6
7	11
7	14
7	16
7	18
7	27
7	28
7	36
7	80
7	88
7	125
7	161
7	166
7	207
7	237
7	250
7	285
7	295
7	331
7	500
7	599
7	1059
7	1079
7	1179
7	1180
7	2191
7	3465
7	4091
7	5139
7	5585
7	5640
7	5840
7	6258
7	6635
7	6649
7	14818
7	14819
8	2
8	8
8	1284
8	1801
8	5841
9	1
9	2
9	4
9	5
9	8
9	15
9	35
9	46
9	73
9	74
9	80
9	112
9	117
9	147
9	236
9	645
9	1112
9	3082
9	3287
9	4133
9	4188
9	4257
9	4454
9	5765
9	5925
10	1
10	4
10	5
10	8
10	9
10	11
10	13
10	20
10	24
10	36
10	40
10	54
10	80
10	91
10	100
10	141
10	154
10	229
10	512
10	527
10	531
10	3112
10	6255
10	11949
10	14120
11	1
11	3
11	8
11	9
11	22
11	68
11	119
11	1909
11	3722
11	3981
11	5516
11	5548
11	5604
11	5935
11	6640
12	6250
13	1
13	2
13	8
13	9
13	64
13	73
13	108
13	119
13	147
13	242
13	262
13	295
13	385
13	536
13	3722
13	4051
14	1
14	8
14	9
14	22
14	63
14	64
14	108
14	1596
14	1659
14	5890
14	5894
14	5899
15	8
15	75
16	111
16	122
16	877
16	894
16	1352
16	3069
16	3221
16	3345
16	3460
16	5271
16	5272
16	5273
16	5275
16	5276
17	1
17	66
17	613
17	2429
17	5546
19	1
19	2
19	11
19	21
19	73
19	84
19	399
19	828
19	1037
19	1152
19	2059
19	2463
19	3110
19	3391
19	4142
19	4157
19	4160
19	4311
19	4425
19	4728
19	4748
19	5302
19	5772
19	5778
19	5802
19	5804
19	5812
19	5814
19	6199
19	6245
19	6407
19	6408
19	6416
19	11540
19	11541
19	11542
19	11545
20	8
20	119
20	147
21	155
21	212
22	1
22	4
22	5
22	8
22	11
22	15
22	24
22	35
22	41
22	74
22	104
22	112
22	141
22	206
22	251
22	361
22	454
22	1136
22	3340
22	3589
22	3921
22	3981
22	6762
22	11437
24	10
24	264
24	332
24	624
24	979
24	1077
24	1136
24	2232
24	2727
24	2859
24	3341
24	3344
24	3773
24	3939
24	4341
24	5135
24	5259
24	5261
24	5263
24	5265
24	5267
24	5269
24	6442
25	1
25	5
25	8
25	9
25	10
25	13
25	20
25	26
25	64
25	77
25	80
25	119
25	138
25	217
25	415
25	624
25	669
25	2987
25	3287
25	3541
25	5711
25	5928
25	5929
25	6112
25	9332
26	11
26	25
26	36
26	141
26	166
26	233
26	302
26	671
26	957
26	1169
26	1179
26	1250
26	1267
26	3232
26	3465
26	5381
26	5527
26	5528
26	5946
26	6054
27	1
27	7
27	67
27	125
27	127
28	3
28	7
28	30
28	111
28	122
28	605
28	633
28	3069
29	4
29	52
29	80
29	167
30	28
30	41
30	237
30	500
30	1528
30	14818
31	8
31	92
31	615
31	668
32	28
32	237
32	500
32	14818
33	13
33	20
33	24
33	5993
35	8
35	9
35	44
35	96
35	201
36	8
36	11
36	74
37	4
37	8
37	9
37	10
37	11
37	13
37	14
37	20
37	65
37	80
37	101
37	143
37	1242
37	1259
37	2412
37	3838
37	5596
37	5598
37	5729
39	13
39	39
40	10
40	30
40	264
40	605
41	8
41	9
41	10
41	11
41	13
41	20
41	133
41	886
41	1092
41	1212
41	3341
42	8
42	9
42	30
42	91
42	97
42	122
42	1118
42	1352
43	9
43	15
43	229
43	645
43	1170
43	4631
43	4738
43	5893
43	5898
44	1
44	9
44	13
44	20
44	35
44	46
44	58
44	74
44	96
44	942
44	1304
44	3794
44	4494
44	4895
44	5922
44	6509
44	6510
45	11
45	12
45	3363
46	8
46	13
46	15
46	35
46	46
46	112
47	10
47	13
47	20
47	1142
47	1931
47	2727
49	8
49	9
49	11
49	13
49	14
49	20
49	25
49	27
49	35
49	36
49	99
49	438
49	2984
49	3082
49	3406
49	3794
49	4823
49	5840
49	6113
51	1
51	25
51	127
51	1318
51	1327
51	1419
51	2320
51	3740
51	4742
51	4805
51	13645
51	14791
51	14792
51	14793
51	14803
51	14804
51	14805
51	14806
51	14847
51	14848
51	14856
51	14861
51	14863
51	14864
51	14865
51	14868
51	14871
51	14874
52	4
52	80
52	617
53	54
53	80
53	94
53	343
55	8
55	112
58	5
58	7
58	8
58	9
58	80
58	234
58	5295
58	5297
59	13
59	224
60	1
60	4233
61	9
61	13
61	16
61	255
62	13
62	20
62	2163
63	13
63	14
63	46
63	74
63	75
63	112
63	128
63	269
63	354
63	447
63	501
63	513
63	1064
63	3691
63	3785
63	4121
64	3
64	8
64	9
64	13
64	20
64	22
64	25
64	63
64	108
64	144
64	169
64	352
64	4640
64	6503
64	6507
64	11355
65	1
65	10
65	13
65	20
65	55
65	78
65	661
65	979
65	2553
65	2737
65	5820
66	13
66	21
66	4157
66	4160
66	4432
66	4728
68	11
68	22
68	117
68	5125
68	5381
68	13378
71	4
71	60
71	162
73	13
73	14
73	20
73	27
73	1180
73	2430
74	9
74	22
74	1269
74	4085
74	4631
74	4691
75	8
75	9
75	13
75	15
75	25
75	29
75	43
75	46
75	63
75	74
75	354
75	447
75	3785
75	5326
77	9
77	327
78	13
78	14
78	20
78	27
78	331
78	3512
79	13
79	14
79	20
79	25
79	27
79	166
79	3511
80	1
80	3
80	6
80	33
80	94
80	97
80	129
80	155
80	325
80	343
80	1641
80	3741
80	4039
80	5139
80	5548
80	5778
80	6142
80	7490
80	14818
81	74
81	104
81	354
81	447
81	3785
82	13
82	14
82	20
82	25
82	27
82	1179
82	2839
84	4
84	5
84	33
84	80
84	3589
85	8
85	15
85	25
85	104
85	112
85	231
85	279
85	352
85	354
87	120
89	31
89	95
89	267
89	615
89	2336
89	2591
91	10
91	42
91	264
91	332
91	1169
91	2232
92	85
93	4
93	5
93	13
93	30
93	55
93	80
93	111
93	513
93	1352
93	3892
95	615
95	1094
96	1
96	35
96	1222
96	3862
97	8
97	9
97	13
97	20
97	33
97	42
97	302
97	669
97	957
97	2291
97	3125
99	13
99	20
99	864
100	8
100	9
100	10
100	683
100	894
100	1352
100	3344
100	4570
100	4644
100	5449
100	5467
101	4
101	8
101	9
101	11
101	14
101	80
101	143
101	234
101	2972
101	9332
103	13
103	29
103	501
103	842
104	8
104	81
105	8
105	15
106	1
106	1168
109	68
109	6006
110	35
110	3862
111	9
111	184
111	546
112	8
112	63
116	4
116	5
116	8
116	80
116	93
116	577
117	1
117	20
117	119
117	199
117	1168
117	5382
117	12215
118	4
118	5
118	11
118	68
118	80
118	85
118	111
118	117
118	231
118	236
118	279
118	3506
118	11437
120	13
120	20
120	4681
121	8
121	117
122	1
122	1061
122	14115
123	13
123	20
123	25
123	233
123	2047
124	8
124	446
126	1
126	125
128	55
128	6138
128	6139
129	13
129	341
129	448
129	4432
129	4574
129	5859
129	11356
130	4
130	9
130	35
130	80
130	119
130	262
130	655
130	3794
130	4734
131	13
131	39
131	74
131	206
132	1
132	67
133	8
133	9
133	993
134	170
134	315
135	13
135	20
135	21
135	1152
135	2988
136	10
136	877
136	1352
136	5269
138	5
138	80
138	139
139	1
139	26
139	64
139	94
139	138
139	5684
140	357
140	615
141	11
141	101
141	966
141	4424
143	5
143	16
143	65
143	101
143	364
143	415
143	440
143	445
143	966
144	8
144	35
144	119
144	242
144	5775
144	6510
146	1371
146	2734
148	4
148	5
148	13
148	20
148	80
148	2702
148	3912
149	1
149	4
149	5
149	11
149	22
149	36
149	80
149	122
151	14
151	27
151	161
151	1419
151	3740
152	13
152	20
152	3402
154	1352
154	5272
155	73
155	101
156	7
156	13
156	30
156	251
156	633
156	5809
156	13425
157	162
157	670
158	1
158	24
158	33
158	36
158	311
158	417
159	275
159	615
163	13
163	5983
164	1
164	42
164	332
164	1061
165	60
165	1885
169	9
169	327
169	438
169	6568
170	147
170	4188
173	11
173	229
173	685
183	13
183	20
183	25
183	41
183	141
183	2554
186	4
186	22
186	80
187	27
187	599
188	13
188	20
188	2992
194	5775
194	6510
195	55
195	5681
195	6062
196	13
196	4030
197	4
197	8
197	80
197	236
197	3232
199	231
201	13
201	46
203	4
203	80
203	13952
206	8
206	131
206	342
208	267
208	615
208	2995
212	14
212	294
217	8
217	9
217	692
221	8
221	1172
222	11
222	84
226	4
226	5
226	71
226	80
227	9
227	33
229	10
229	3939
229	4688
229	6022
229	6025
229	6251
229	6252
229	6253
234	8
234	9
234	101
234	3294
234	4376
234	4734
234	5928
235	13
235	341
236	9
236	197
236	1159
239	8
239	705
241	14
241	60
243	124
243	267
243	615
243	5396
245	12
245	5844
247	615
247	2888
248	11
248	68
248	1136
248	1169
248	4424
248	6157
249	13
249	20
249	154
251	1
251	22
251	25
251	108
251	254
251	11355
252	8
252	9
252	252
252	267
254	1
254	4
254	11
254	80
254	166
254	1179
255	8
255	61
258	4
258	5
258	80
258	168
263	4
263	5
263	8
263	10
263	80
263	441
263	1077
263	1102
267	8
267	668
269	55
269	2737
269	3892
269	5980
270	1
270	13
270	74
270	128
270	645
275	85
275	636
275	5345
279	9
279	4691
281	8
281	15
281	104
281	112
281	447
281	7836
283	33
283	94
283	97
283	138
283	155
286	13
286	39
286	74
286	330
286	361
286	536
288	8
288	9
288	25
288	169
288	683
288	3231
288	4419
297	42
297	155
302	1
302	11
302	6114
304	10
304	2859
311	1
311	4
311	5
311	11
311	26
311	80
311	417
311	5379
314	27
314	250
315	170
315	750
320	33
320	94
320	97
320	155
320	343
320	1755
320	5824
322	4
322	11
322	80
322	527
322	6157
325	4
325	80
325	1222
327	13
327	20
327	3406
329	1
329	352
329	615
329	6023
337	27
337	295
337	438
339	3129
339	3715
341	13
341	448
342	5
342	33
342	54
342	80
342	94
342	97
342	155
342	343
343	8
343	15
343	35
343	112
343	342
343	3723
343	3895
344	55
344	165
344	641
344	4809
344	5980
344	6041
347	13
347	20
347	40
348	105
348	4851
348	5888
348	5897
350	165
354	9
354	85
354	111
354	118
354	5345
356	24
356	164
360	8
360	206
361	8
361	35
361	286
361	342
362	8
362	361
363	8
363	459
364	8
364	363
365	8
365	364
365	415
365	1346
378	2691
378	4294
380	14
380	106
388	10
388	5135
390	4
390	80
390	399
392	615
392	644
395	60
395	2954
395	6567
404	8
404	404
407	13
407	14
407	20
407	25
407	27
407	671
407	3127
407	3465
409	33
409	73
416	13
416	269
422	60
422	162
422	165
422	641
430	1
430	931
430	3741
432	4
432	709
437	25
437	33
437	77
437	624
437	1250
440	5
440	73
440	80
440	101
440	143
441	1
441	5
441	80
441	3082
441	3340
445	80
445	101
445	234
445	4376
447	9
447	111
447	279
447	281
448	13
448	11356
455	3
455	13
458	13
458	14
458	39
458	460
459	13
459	39
459	842
460	13
460	365
463	1
463	78
463	3506
468	5
468	7
468	80
468	5297
469	4
469	5
469	80
469	84
475	14
475	299
479	6762
490	8
490	9
490	531
492	89
492	124
493	5
493	8
493	80
493	2637
493	2652
493	3175
501	1
501	1219
506	302
506	5528
511	1
511	1659
522	5
522	13
522	20
522	864
522	966
527	10
527	6157
534	14
534	27
534	250
542	97
542	1118
544	1
544	6
544	11
544	80
544	5585
546	6
546	5235
550	195
550	588
555	4
555	5
555	80
555	334
559	14
559	5512
562	9
562	17
568	1
568	13
568	921
570	55
570	6062
575	20
577	4
577	80
577	258
579	4
579	10
579	248
579	1136
579	1169
579	4424
579	5118
579	5119
579	6157
582	10
582	5598
591	13
591	1064
597	4
597	3232
602	10
602	3773
606	302
606	5527
614	21
614	4142
615	22
615	4085
624	8
624	4133
627	18
627	27
630	10
630	1352
630	3460
630	4424
631	1
631	74
631	197
632	27
632	5640
632	5831
636	9
636	13
636	96
637	4
637	80
637	954
640	1
640	4
640	264
640	658
641	162
641	1885
641	2112
647	14
647	18
647	27
655	13
655	20
655	25
655	119
655	144
655	385
666	680
668	1172
668	5345
670	1
670	93
670	114
670	4233
673	2
673	1801
677	13
677	39
679	22
679	1146
680	8
680	9
680	11
680	47
680	4877
683	11
683	100
687	688
687	5344
692	8
692	9
692	4877
699	74
699	454
705	8
705	112
705	342
705	458
706	14
706	27
706	285
721	267
721	721
729	12452
747	2691
747	4294
748	5778
748	14818
780	5659
787	13
787	20
787	2839
794	615
794	1096
811	11
811	5627
821	21
821	3391
826	1
826	11
826	79
831	864
831	1678
842	1
842	5
842	80
842	687
842	2097
842	6017
842	11907
853	9
853	13
853	194
856	21
856	3110
857	3
857	13
857	20
857	25
860	4
860	80
860	135
860	1929
877	5116
881	14
881	526
882	8
882	10
885	22
885	68
885	805
885	5817
890	9
890	890
900	6
900	22
900	4039
900	5125
916	24
916	3112
921	8
921	9
921	415
931	14
931	1024
942	144
944	1
944	2637
951	5295
962	6
962	5394
979	33
979	94
979	97
979	343
979	5688
979	5824
988	9
988	160
993	8
993	9
993	4702
993	4846
993	4882
1005	9
1005	25
1005	65
1005	3232
1020	11
1020	1059
1033	10
1033	1352
1033	3345
1033	5118
1037	8
1037	9
1037	1909
1050	4
1050	5
1050	8
1050	9
1050	80
1050	1212
1050	4631
1051	11
1051	21
1051	2463
1051	3263
1063	10
1063	11
1063	1092
1077	33
1077	73
1077	94
1077	155
1077	343
1077	2291
1079	1
1079	2191
1081	8
1081	68
1083	689
1086	1
1086	1122
1092	1037
1092	4425
1094	111
1094	577
1096	5
1096	2888
1097	8
1097	15
1097	104
1097	112
1097	3785
1100	25
1100	1267
1101	3291
1102	9
1102	188
1103	11
1103	105
1103	119
1103	295
1118	14
1118	42
1118	109
1118	155
1118	2291
1132	1
1132	3272
1134	13
1134	882
1137	170
1137	315
1137	750
1144	1
1144	4
1144	332
1144	877
1146	3921
1149	4
1149	80
1149	1181
1149	1259
1153	9
1153	69
1157	4
1157	5
1157	80
1157	4281
1165	5
1165	80
1165	3287
1167	9
1167	585
1170	4
1170	80
1170	6240
1172	5345
1177	9
1177	137
1179	11
1179	3765
1185	2
1185	13
1185	119
1185	253
1185	857
1185	3722
1185	4778
1185	5841
1187	13
1187	4121
1188	4
1188	349
1197	11
1197	6224
1204	2
1204	1284
1209	11
1209	229
1209	685
1209	5744
1209	5746
1209	5750
1209	5753
1209	5756
1209	5759
1209	5762
1212	8
1212	9
1212	692
1213	91
1222	14830
1227	1
1227	6
1227	5139
1230	13
1230	13425
1233	93
1233	189
1234	14
1234	109
1235	124
1235	137
1236	345
1242	14
1242	143
1242	2972
1250	5
1250	80
1250	4133
1269	9
1269	251
1271	5
1271	685
1279	8
1279	4556
1290	962
1290	1190
1300	1
1300	20
1300	921
1300	4807
1302	1
1302	11
1302	3506
1304	14
1304	1268
1322	1318
1322	2320
1326	94
1326	1755
1344	8
1344	1345
1346	8
1346	15
1346	342
1346	460
1352	1
1352	16
1352	237
1352	440
1352	500
1352	6258
1352	14819
1353	1
1353	11
1384	1
1384	1596
1407	3
1407	4091
1412	3
1412	6
1412	6142
1419	37
1419	97
1449	242
1449	1978
1451	615
1451	6188
1528	1
1528	33
1528	138
1528	5684
1528	5688
1613	124
1613	492
1635	13
1635	20
1635	886
1636	13
1636	20
1636	2163
1637	13
1637	20
1637	3402
1637	6113
1638	13
1638	20
1638	2984
1639	13
1639	20
1639	3125
1640	13
1640	20
1640	6112
1641	13
1641	20
1641	2987
1642	13
1642	20
1642	2412
1643	13
1643	20
1643	2988
1644	13
1644	20
1644	3127
1645	13
1645	20
1645	2047
1646	13
1646	20
1646	1931
1647	13
1647	20
1647	2430
1647	5336
1648	13
1648	20
1648	3511
1649	13
1649	20
1649	2702
1650	13
1650	20
1650	2553
1651	13
1651	20
1651	2992
1652	13
1652	20
1652	3512
1653	13
1653	20
1653	2554
1656	42
1656	264
1674	140
1693	11
1693	5578
1697	615
1697	6311
1708	1
1708	16
1708	237
1708	500
1708	6258
1708	14819
1794	10
1794	5467
1832	10
1832	1352
1832	3221
1832	5261
1866	3806
1909	120
1929	4
1929	80
1929	135
1944	10
1944	1352
1944	5265
1944	5276
1977	242
1977	1978
1984	4
1984	2137
2047	66
2047	2429
2051	11
2051	1242
2066	12453
2103	462
2103	2489
2116	88
2116	207
2133	9
2133	60
2163	66
2163	613
2166	302
2166	5951
2191	32
2191	80
2315	1
2315	4
2315	5
2315	80
2315	2582
2315	11811
2320	25
2320	5729
2376	14
2376	178
2430	101
2430	3294
2432	28
2432	41
2432	1528
2442	21
2442	6199
2457	4
2457	969
2463	4
2463	21
2463	80
2463	5772
2463	5778
2469	21
2469	5778
2470	5830
2504	1
2504	24
2504	141
2504	2631
2505	14
2505	7086
2512	1
2512	11
2512	5711
2512	6114
2532	9
2532	740
2576	4
2576	80
2576	11924
2593	10
2593	1352
2593	5259
2593	5273
2637	1
2637	230
2647	5935
2670	4
2670	80
2670	818
2693	14
2693	954
2737	11
2737	350
2739	2
2739	13
2739	119
2739	2741
2741	4896
2743	3800
2743	11475
2798	11
2798	3167
2850	60
2850	151
2909	4
2909	80
2909	14099
2939	10
2939	30
2939	1352
2939	3069
2939	5119
2949	10
2949	156
2972	4
2972	80
2972	2051
2987	6
2987	1641
2987	3741
2999	41
2999	5887
3023	342
3023	3895
3069	8
3069	9
3069	3231
3078	14
3078	1035
3087	1
3087	3
3087	5548
3090	1
3090	8
3090	9
3090	64
3090	119
3090	3838
3103	8249
3112	9
3112	6568
3114	253
3114	4778
3120	69
3120	93
3175	9
3175	1269
3193	11
3193	12
3193	3363
3193	5695
3193	5844
3227	11
3227	5636
3240	6635
3263	1
3263	11
3263	1079
3283	10
3283	6442
3306	21
3306	4311
3319	5
3319	688
3356	1
3356	4309
3360	9
3360	870
3372	3129
3372	3715
3393	4
3393	6054
3406	62
3406	122
3410	13
3410	3691
3451	51
3451	256
3451	546
3453	11
3453	3589
3460	6000
3467	33
3467	6004
3470	398
3470	1852
3479	1
3479	8
3479	9
3479	445
3506	1
3506	78
3506	661
3541	8
3541	9
3541	3541
3543	9
3543	348
3546	9
3546	137
3561	6143
3620	14
3620	60
3657	11
3657	13
3657	5818
3657	13309
3688	54
3688	229
3741	5
3741	5765
3793	1
3793	5546
3794	20
3794	122
3798	3633
3803	10
3803	4341
3806	1
3806	5551
3826	4
3826	5406
3838	101
3838	4376
3862	110
3862	5869
3880	66
3880	3523
3883	4896
3899	51
3899	2929
3939	11
3939	229
3939	5744
3943	5
3943	14
3943	3341
3968	5
3968	3715
3972	4
3972	5
3972	80
3972	3340
4006	9
4006	137
4039	1
4039	141
4085	275
4085	352
4085	357
4085	615
4085	644
4085	668
4085	934
4085	1094
4085	1096
4085	2591
4085	2888
4085	2995
4085	5396
4085	6187
4085	6188
4085	6311
4121	55
4121	6024
4121	6025
4122	8
4122	9
4122	6509
4146	11
4146	13
4146	5809
4146	5818
4212	1117
4230	162
4230	670
4232	342
4232	3723
4233	162
4233	670
4250	3800
4250	11475
4253	894
4253	4570
4256	13
4256	43
4272	1
4272	5
4272	141
4272	4181
4272	6010
4294	8
4294	4327
4302	108
4302	119
4302	1302
4310	132
4310	614
4327	13
4327	1081
4332	117
4332	255
4332	4454
4332	4732
4376	8
4376	9
4376	25
4376	4640
4405	1
4405	4
4405	3344
4405	3345
4411	1
4411	4
4411	80
4411	2631
4411	4236
4438	162
4438	1233
4454	5
4454	1268
4478	1
4478	74
4478	1112
4494	9
4494	1228
4501	13
4501	43
4506	21
4506	4748
4517	670
4517	6015
4556	8
4556	4752
4566	641
4566	4809
4575	11
4575	5411
4575	5412
4618	5
4618	5744
4619	5
4619	5753
4620	5
4620	5750
4623	6649
4633	5
4633	5762
4640	8
4640	9
4640	3373
4652	15
4652	105
4652	4688
4652	4824
4652	4932
4652	6022
4666	1
4666	1267
4677	101
4677	119
4677	4051
4677	4734
4688	5
4688	229
4688	4738
4688	5759
4691	9
4691	944
4700	8
4700	9
4700	4846
4702	105
4702	4851
4735	13
4735	20
4735	4681
4737	1
4737	1290
4737	1582
4737	3272
4738	33
4738	6022
4751	8
4751	9
4751	11
4751	3373
4751	4823
4752	13
4752	1081
4807	13
4807	921
4823	122
4823	4677
4824	15
4824	4932
4846	105
4846	5888
4851	15
4851	5893
4874	1
4874	266
4874	1300
4874	5925
4877	8
4877	9
4877	4882
4882	105
4882	5897
4884	1132
4884	4730
4895	9
4895	13
4895	536
4895	3684
4895	4874
4895	5925
4895	6148
4896	4916
4911	1582
4911	4884
4916	4677
4916	5569
4919	55
4919	6024
4927	55
4927	6138
4932	8
4932	4919
5125	22
5125	68
5125	1136
5125	6006
5130	4
5130	80
5130	2835
5167	14
5167	27
5167	161
5200	11
5200	5800
5223	11
5223	229
5223	5759
5232	5329
5239	5516
5250	13
5250	5326
5254	9
5254	5255
5258	1
5258	4
5258	5259
5258	5272
5260	1
5260	4
5260	5261
5260	5273
5262	1
5262	4
5262	3221
5262	5263
5264	1
5264	4
5264	5265
5264	5275
5266	1
5266	4
5266	5267
5266	5276
5268	1
5268	4
5268	5269
5268	5271
5270	10
5270	1352
5270	5267
5270	5271
5274	10
5274	1352
5274	5263
5274	5275
5301	21
5301	5302
5335	9
5335	13
5335	20
5335	5336
5335	5691
5337	10
5337	4644
5338	10
5338	5596
5345	8
5345	231
5345	279
5345	5378
5356	1
5356	127
5356	4805
5378	9
5378	111
5378	118
5378	5345
5379	11
5379	26
5381	68
5381	1169
5382	85
5382	117
5382	231
5382	279
5382	13378
5386	5
5386	5344
5396	9
5396	243
5399	124
5399	794
5400	124
5400	159
5401	116
5401	124
5401	1582
5402	31
5402	124
5403	221
5403	5394
5404	124
5404	5402
5427	11
5427	13
5427	13309
5444	4
5444	5445
5445	4
5445	80
5445	4554
5448	4
5448	5449
5450	4
5450	5467
5461	10
5461	5449
5551	548
5551	2954
5552	6250
5576	4
5576	5577
5578	5604
5634	4
5634	80
5634	5635
5635	5832
5665	4
5665	99
5668	1
5668	894
5673	55
5673	5681
5688	9
5688	28
5688	33
5688	41
5688	42
5688	1528
5688	5699
5689	12
5689	5695
5691	5692
5691	5694
5692	212
5692	5698
5693	5692
5693	5694
5694	5693
5694	11433
5697	13
5697	5686
5700	33
5700	5699
5701	42
5701	5699
5702	9
5702	5699
5726	5729
5745	11
5745	229
5745	5746
5747	5
5747	5746
5749	11
5749	229
5749	5750
5752	11
5752	229
5752	5753
5755	11
5755	229
5755	5756
5757	5
5757	5756
5761	11
5761	229
5761	5762
5766	11
5766	5768
5771	6508
5776	3167
5776	6453
5796	124
5796	5796
5801	21
5801	5802
5803	21
5803	5804
5809	11
5809	5810
5811	21
5811	5812
5813	21
5813	5814
5815	21
5815	399
5816	22
5816	68
5816	5817
5818	21
5818	828
5818	6245
5823	4
5823	957
5868	110
5868	5869
5889	8
5889	9
5889	5890
5892	8
5892	9
5892	4702
5893	8
5893	9
5893	5894
5897	15
5897	5898
5898	8
5898	9
5898	5899
5921	20
5921	6250
5922	58
5922	5923
5923	6148
5928	8
5928	9
5928	5929
5931	25
5931	42
5936	4
5936	80
5936	2946
5947	25
5947	5946
5966	1
5966	127
5966	4742
5973	162
5973	1233
5979	4
5979	479
5983	20
5983	100
5984	4
5984	80
5984	109
5985	4
5985	804
5993	20
5993	24
5994	24
5994	6255
5998	1
5998	3069
6001	4
6001	80
6001	6002
6002	4
6002	2170
6006	14463
6007	1
6007	5
6007	80
6007	671
6007	14463
6010	22
6010	4181
6010	5125
6016	181
6016	259
6016	6016
6019	85
6023	1
6023	6023
6024	55
6024	6025
6026	6251
6026	6253
6037	1582
6037	3692
6040	165
6040	6041
6055	4
6055	9
6055	11
6055	25
6055	80
6055	6054
6055	6056
6055	7335
6055	11638
6056	11
6056	6057
6059	14
6059	11824
6103	5
6103	80
6103	6102
6126	1582
6126	2686
6135	1132
6135	1290
6136	124
6136	6135
6140	55
6140	6139
6145	4
6145	6144
6186	615
6186	6187
6206	9
6206	180
6235	689
6235	1371
6235	2734
6241	1
6241	74
6241	4257
6244	14
6244	33
6249	20
6249	6250
6250	8
6250	9
6250	4419
6251	6025
6251	6252
6319	11
6319	21
6319	6408
6367	11
6367	6368
6397	6398
6399	8
6399	9
6399	25
6399	6503
6406	21
6406	6407
6407	21
6407	6416
6408	6399
6452	3167
6452	6453
6486	1
6486	6487
6505	9
6505	13
6505	6506
6506	8
6506	9
6506	25
6506	6507
6507	8
6507	9
6507	6508
6507	6509
6508	8
6508	35
6508	6509
6509	13
6509	6510
6548	4
6548	24
6548	80
6581	11
6581	6582
6641	6640
6715	24
6715	527
6749	4
6749	80
6749	9821
6754	4
6754	6755
6755	160
6755	1327
6790	1327
6790	14868
6893	111
6893	222
6899	1
6899	3
6899	7490
7118	24
7118	512
7836	8
7836	11472
7838	13
7838	6397
8604	12095
8639	12096
9812	4
9812	80
9812	9813
9813	1063
9815	14
9815	180
9819	4
9819	80
9819	9820
9820	91
9820	512
9825	6714
10905	5659
10905	5831
11088	13645
11088	14874
11355	22
11355	568
11356	13
11356	4574
11356	5859
11432	5693
11432	11433
11434	5
11434	80
11434	11437
11435	8
11435	11436
11436	55
11436	11453
11439	58
11439	11440
11453	1
11453	2582
11453	11811
11472	9
11472	7838
11477	615
11477	934
11519	58
11519	571
11539	21
11539	11540
11540	21
11540	11541
11541	21
11541	84
11541	11542
11543	11
11543	21
11543	11545
11545	5773
11811	1
11811	6
11811	129
11907	688
11945	11947
11946	11947
11948	100
11948	11949
11949	10
11949	11950
12214	5382
12214	12215
12989	33
12989	47
13309	21
13309	2059
13378	68
13378	231
13638	4
13638	80
13638	10700
14089	4
14089	80
14089	14090
14097	11
14097	805
14098	14115
14119	91
14119	14120
14144	14145
14145	4
14145	80
14145	2232
14786	14791
14787	14792
14787	14793
14800	14805
14800	14806
14802	14803
14802	14804
14818	32
14818	80
14830	6
14830	325
14839	14847
14840	14848
14852	1
14852	14856
14857	1327
14857	14865
14858	14861
14859	1327
14859	14864
14865	1327
14865	14863
14870	13645
14870	14871
