1	4
1	5
1	6
1	8
1	9
1	10
1	11
1	13
1	14
1	15
1	17
1	20
1	21
1	22
1	25
1	33
1	35
1	41
1	42
1	47
1	58
1	63
1	65
1	66
1	69
1	75
1	80
1	84
1	94
1	101
1	105
1	112
1	117
1	141
1	147
1	181
1	224
1	233
1	234
1	252
1	255
1	259
1	342
1	345
1	365
1	460
1	571
1	671
1	864
1	870
1	1024
1	1063
1	1268
1	1304
1	1678
1	3058
1	3341
1	3453
1	3467
1	3523
1	3589
1	3723
1	4677
1	4691
1	4824
1	5411
1	5412
1	5448
1	5569
1	5601
1	5684
1	5817
1	5887
1	5925
1	6016
1	6022
1	6201
1	6714
1	7838
1	9812
1	9819
1	9824
1	11440
1	11542
1	11934
1	11950
1	14087
1	14096
1	14108
1	14118
2	2
2	8
2	9
2	10
2	13
2	15
2	16
2	20
2	25
2	35
2	44
2	46
2	61
2	63
2	74
2	75
2	81
2	83
2	91
2	112
2	131
2	173
2	201
2	206
2	234
2	236
2	252
2	286
2	361
2	363
2	445
2	458
2	459
2	460
2	498
2	531
2	562
2	692
2	705
2	886
2	993
2	1212
2	1345
2	1346
2	1931
2	2047
2	2163
2	2412
2	2430
2	2553
2	2554
2	2702
2	2729
2	2839
2	2984
2	2987
2	2988
2	2992
2	3082
2	3125
2	3127
2	3175
2	3511
2	3512
2	4030
2	4419
2	4681
2	4702
2	4734
2	4807
2	4846
2	4877
2	4882
2	4919
2	5336
2	5820
2	6112
2	6113
2	11436
3	4
3	11
3	14
3	20
3	24
3	36
3	80
3	111
3	141
3	233
3	236
3	248
3	415
3	455
3	504
3	527
3	671
3	693
3	2051
3	3340
3	3467
3	4246
3	4631
3	5748
3	5751
3	5754
3	5758
3	5760
3	5763
3	5778
5	1
5	6
5	11
5	80
5	129
5	1641
5	3741
5	5585
5	5684
6	5
6	11
6	14
6	24
6	80
6	94
6	111
6	199
6	236
6	343
6	415
6	445
6	504
6	685
6	1236
6	1268
6	2637
6	2652
6	3082
6	3340
6	3341
6	4631
6	5744
6	5746
6	5750
6	5753
6	5756
6	5759
6	5762
6	11437
7	1
7	6
7	11
7	80
7	2191
7	5585
8	2
8	8
8	1284
8	5841
9	1
9	4
9	5
9	8
9	15
9	35
9	46
9	74
9	80
9	103
9	112
9	117
9	236
9	277
9	718
9	1112
9	3082
9	4454
9	5925
10	4
10	5
10	8
10	9
10	11
10	24
10	40
10	54
10	80
10	91
10	100
10	229
10	512
10	527
10	531
10	681
10	3112
10	11949
10	14120
11	22
11	68
11	3981
11	5516
11	5604
11	5935
11	6640
13	9
13	354
13	5378
14	1
14	8
14	9
14	63
14	1596
15	1
15	8
15	75
15	1170
16	122
16	1352
17	8
17	562
19	11
19	21
19	73
19	84
19	828
19	1079
19	1152
19	2059
19	2463
19	4157
19	4160
19	4728
19	5198
19	5302
19	5778
19	5802
19	5804
19	5814
19	6199
19	6245
19	11542
20	8
20	117
20	147
22	1
22	4
22	5
22	8
22	11
22	15
22	24
22	35
22	74
22	104
22	112
22	206
22	361
22	454
22	1136
22	3340
22	3981
22	6203
22	11437
24	8
24	9
24	10
24	83
24	1136
24	2727
24	3341
24	3939
24	5135
24	6250
24	6442
25	13
25	20
25	2987
25	6112
26	11
26	25
26	36
26	166
26	302
26	957
26	1169
26	1179
26	5381
26	5527
26	5528
26	5946
28	30
28	122
31	615
31	668
35	8
35	44
35	201
36	11
36	35
36	74
36	104
37	10
37	13
37	20
37	65
37	101
37	1259
37	2412
37	5596
37	5598
39	13
39	39
40	10
40	681
41	8
41	9
41	10
41	11
41	13
41	20
41	886
41	1092
41	1212
41	3341
42	8
42	9
42	30
42	91
42	122
42	1352
43	9
43	15
43	229
43	4631
43	4738
43	5893
43	5898
44	9
44	11
44	13
44	35
44	46
44	58
44	74
44	1304
46	8
46	13
46	15
46	35
46	46
46	112
47	10
47	13
47	20
47	1931
47	2727
49	8
49	13
49	20
49	25
49	36
49	2984
49	3082
49	6113
53	9
53	224
54	9
54	20
55	8
55	112
58	8
58	9
58	234
58	4734
61	9
61	13
61	16
61	255
62	13
62	20
62	2163
63	13
63	14
63	46
63	74
63	75
63	112
63	269
63	4121
63	11435
64	8
64	9
64	25
64	63
64	352
65	1
65	13
65	20
65	55
65	78
65	661
65	2553
65	2737
65	5820
66	13
66	21
66	4157
66	4160
66	4432
66	4728
68	11
68	117
68	5381
68	13378
73	13
73	20
73	2430
74	9
74	22
74	1269
74	4085
74	4631
74	4691
75	8
75	9
75	13
75	15
75	25
75	43
75	46
75	63
75	74
78	13
78	20
78	3512
79	13
79	20
79	25
79	166
79	3511
80	1
80	6
80	7
80	27
80	129
80	1641
80	3741
80	5819
80	6245
81	11
81	74
81	104
82	13
82	20
82	25
82	1179
82	2839
83	10
83	1209
84	1
84	1548
85	9
85	25
85	231
85	279
85	352
85	354
89	615
89	2591
91	10
91	1169
92	5
92	80
92	85
92	1236
93	4
93	5
93	10
93	55
93	80
93	111
93	681
93	3892
95	615
95	1094
97	13
97	20
97	302
97	957
97	3125
101	4
101	5
101	8
101	9
101	80
101	234
101	415
101	504
103	13
103	498
104	8
104	81
105	8
105	15
106	1
106	1168
112	8
112	63
117	1
117	199
117	1168
117	5382
117	12215
118	4
118	5
118	11
118	68
118	80
118	85
118	111
118	117
118	231
118	236
118	279
118	3506
118	11437
120	13
120	20
120	4681
123	4
123	13
123	14
123	20
123	233
123	2047
128	55
128	6138
128	6139
129	13
129	341
129	448
129	4432
129	4574
129	5859
129	11356
131	13
131	39
131	74
131	206
133	8
133	9
133	993
135	13
135	20
135	21
135	1152
135	2988
140	357
140	615
141	11
141	4424
143	5
143	65
143	101
143	445
144	8
144	35
146	1371
146	2734
148	13
148	20
148	2702
149	1
149	4
149	36
149	80
149	122
156	13
156	5809
156	13425
159	275
159	615
173	4
173	11
173	229
173	685
173	693
177	1755
177	5330
177	5717
183	4
183	13
183	14
183	20
183	141
183	2554
188	13
188	20
188	2992
196	13
196	4030
197	8
197	236
199	231
201	13
201	46
206	8
206	131
206	342
208	615
208	2995
217	8
217	9
217	692
222	11
222	84
229	10
229	13
229	20
229	173
229	1209
229	3939
229	4688
229	6022
229	6025
229	6251
229	6252
229	6253
233	11
233	5119
234	101
234	3294
235	13
235	341
236	1159
239	8
239	705
243	615
243	5396
247	615
247	2888
248	11
248	68
248	1136
248	1169
248	4424
248	5118
248	5119
248	6157
252	8
252	9
252	252
255	8
255	61
269	55
269	2737
269	3892
275	636
277	8
277	103
277	208
277	277
279	9
279	4691
283	5
283	94
286	13
286	39
286	74
286	361
288	8
288	9
288	83
288	4419
293	208
322	4
322	11
322	80
322	527
322	6157
329	1
329	352
329	615
329	6023
341	13
341	448
342	5
342	80
342	343
343	8
343	15
343	35
343	112
343	342
343	3723
345	5
345	11
345	80
345	199
348	105
348	4851
348	5888
348	5897
354	111
354	118
360	8
360	206
361	8
361	35
361	286
361	342
362	8
362	361
363	8
363	459
364	8
364	363
365	8
365	1346
369	103
369	718
388	10
388	5135
392	615
392	644
407	4
407	13
407	14
407	20
407	80
407	671
407	3127
415	4
415	5
415	80
415	504
416	13
416	40
416	269
416	681
430	1
430	931
430	3741
441	1
441	5
441	80
441	3082
441	3340
445	80
445	234
447	111
447	279
448	13
448	11356
458	13
458	14
458	39
458	460
459	13
459	39
460	13
460	365
463	1
463	78
463	3506
490	8
490	9
490	531
493	5
493	8
493	80
493	2637
493	2652
493	3175
498	8
498	277
498	718
506	302
506	5528
527	10
527	6157
544	1
544	6
544	11
544	80
544	5585
562	9
562	17
568	1
568	13
568	921
579	4
579	10
579	248
579	1136
579	1169
579	4424
579	5118
579	5119
579	6157
582	10
582	5598
605	10
605	416
605	681
606	302
606	5527
615	22
615	4085
630	10
630	4424
631	1
631	74
631	197
632	5831
638	13
638	20
638	173
645	1
645	1170
666	680
668	1172
668	5345
677	13
677	39
680	8
680	9
680	4877
681	10
681	416
692	8
692	9
692	4877
699	74
699	454
704	7
704	27
705	8
705	112
705	342
705	458
718	8
718	369
718	718
729	12452
780	5659
787	13
787	20
787	2839
794	615
794	1096
811	11
811	5627
828	5819
831	864
831	1678
882	8
882	10
916	24
916	3112
931	14
931	1024
944	1
944	2637
993	8
993	9
993	4702
993	4846
993	4882
1024	1
1024	1051
1033	10
1033	5118
1050	4
1050	5
1050	8
1050	9
1050	80
1050	1212
1050	4631
1051	11
1051	21
1051	2463
1051	3263
1063	10
1063	11
1063	1092
1079	1
1079	2191
1083	689
1094	111
1094	577
1112	199
1149	1259
1153	9
1153	69
1172	5
1172	80
1172	1236
1172	5345
1179	11
1179	3765
1185	2
1185	5841
1187	13
1187	4121
1197	11
1197	6224
1204	2
1204	1284
1209	11
1209	229
1209	685
1209	5744
1209	5746
1209	5750
1209	5753
1209	5756
1209	5759
1209	5762
1212	8
1212	9
1212	692
1230	13
1230	13425
1236	345
1269	9
1269	251
1271	5
1271	685
1300	1
1300	20
1300	921
1300	4807
1304	14
1304	1268
1344	8
1344	1345
1346	8
1346	15
1346	342
1346	460
1384	1
1384	1596
1449	242
1449	1978
1451	615
1451	6188
1528	6
1528	5684
1609	8
1609	2729
1635	13
1635	20
1635	886
1636	13
1636	20
1636	2163
1637	13
1637	20
1637	6113
1638	13
1638	20
1638	2984
1639	13
1639	20
1639	3125
1640	13
1640	20
1640	6112
1641	13
1641	20
1641	2987
1642	13
1642	20
1642	2412
1643	13
1643	20
1643	2988
1644	13
1644	20
1644	3127
1645	13
1645	20
1645	2047
1646	13
1646	20
1646	1931
1647	13
1647	20
1647	2430
1647	5336
1648	13
1648	20
1648	3511
1649	13
1649	20
1649	2702
1650	13
1650	20
1650	2553
1651	13
1651	20
1651	2992
1652	13
1652	20
1652	3512
1653	13
1653	20
1653	2554
1693	11
1693	5578
1697	615
1697	6311
1817	1755
1817	5330
1817	5717
1977	242
1977	1978
2059	6245
2066	12453
2191	32
2191	80
2220	14
2220	3453
2315	1
2315	2582
2315	11811
2411	3058
2430	101
2430	3294
2442	21
2442	6199
2463	4
2463	80
2463	5778
2469	21
2469	5778
2470	5830
2486	4
2486	14
2486	3467
2637	1
2637	230
2647	5935
2730	5817
2737	11
2737	350
2743	3800
2743	11475
2798	11
2798	3167
2939	10
2939	5119
2972	4
2972	80
2972	2051
2987	6
2987	1641
2987	3741
2999	41
2999	5887
3063	5601
3063	6201
3175	9
3175	1269
3227	11
3227	5636
3263	11
3263	73
3263	1079
3263	5198
3283	10
3283	6442
3356	1
3356	4309
3360	9
3360	870
3453	11
3453	3589
3465	11
3465	5118
3479	8
3479	9
3479	445
3506	1
3506	78
3506	661
3561	6143
3657	11
3657	13
3657	5818
3657	13309
3688	54
3688	229
3798	3633
3862	110
3862	5869
3880	66
3880	3523
3939	11
3939	229
3939	5744
3943	5
3943	14
3943	3341
3972	4
3972	5
3972	80
3972	3340
4085	275
4085	352
4085	357
4085	615
4085	644
4085	668
4085	934
4085	1094
4085	1096
4085	2591
4085	2888
4085	2995
4085	5396
4085	6187
4085	6188
4085	6311
4115	1
4115	4324
4121	55
4121	6024
4121	6025
4146	11
4146	13
4146	5809
4146	5818
4184	1
4184	5854
4232	342
4232	3723
4250	3800
4250	11475
4256	13
4256	43
4302	1302
4332	117
4332	255
4332	4454
4332	4732
4419	83
4419	6250
4454	5
4454	1268
4478	1
4478	74
4478	1112
4501	13
4501	43
4575	11
4575	5411
4575	5412
4618	5
4618	5744
4619	5
4619	5753
4620	5
4620	5750
4633	5
4633	5762
4652	15
4652	105
4652	4688
4652	4824
4652	4932
4652	6022
4677	8
4677	9
4677	4734
4688	5
4688	229
4688	4738
4688	5759
4691	9
4691	944
4700	8
4700	9
4700	4846
4702	105
4702	4851
4735	13
4735	20
4735	4681
4738	33
4738	6022
4807	13
4807	921
4824	15
4824	4932
4846	105
4846	5888
4851	15
4851	5893
4874	1
4874	266
4874	1300
4874	5925
4877	8
4877	9
4877	4882
4882	105
4882	5897
4895	13
4895	5925
4916	4677
4916	5569
4919	55
4919	6024
4927	55
4927	6138
4932	8
4932	4919
5125	22
5125	68
5125	1136
5200	11
5200	5800
5223	4
5223	11
5223	229
5223	5758
5223	5759
5239	5516
5301	21
5301	5302
5335	13
5335	20
5335	5336
5338	10
5338	5596
5345	9
5345	231
5345	279
5345	5378
5378	111
5378	118
5381	68
5381	1169
5382	85
5382	117
5382	231
5382	279
5382	13378
5427	11
5427	13
5427	13309
5447	5448
5450	1
5450	5460
5578	5604
5600	5601
5600	6201
5635	5832
5691	5692
5691	5694
5693	5692
5693	5694
5694	5693
5694	11433
5745	4
5745	11
5745	229
5745	4246
5745	5746
5747	5
5747	5746
5749	4
5749	11
5749	229
5749	5748
5749	5750
5752	4
5752	11
5752	229
5752	5751
5752	5753
5755	4
5755	11
5755	229
5755	5754
5755	5756
5757	5
5757	5756
5761	4
5761	11
5761	229
5761	5760
5761	5762
5764	4
5764	5763
5766	11
5766	5768
5776	3167
5776	6453
5801	21
5801	5802
5803	21
5803	5804
5809	11
5809	5810
5813	21
5813	5814
5818	21
5818	828
5818	6245
5868	110
5868	5869
5892	8
5892	9
5892	4702
5897	15
5897	5898
5921	20
5921	6250
5931	25
5931	42
5947	25
5947	5946
6016	181
6016	259
6016	6016
6023	1
6023	6023
6024	55
6024	6025
6026	6251
6026	6253
6056	11
6056	6057
6140	55
6140	6139
6156	352
6186	615
6186	6187
6202	6203
6235	689
6235	1371
6235	2734
6249	20
6249	6250
6250	8
6250	9
6250	4419
6251	6025
6251	6252
6442	1
6442	6231
6452	3167
6452	6453
6581	11
6581	6582
6641	6640
6715	24
6715	527
6723	6714
6749	9824
6893	111
6893	222
7118	24
7118	512
8604	12095
8639	12096
9811	9812
9813	1063
9818	9819
9820	91
9820	512
9825	6714
10905	5659
10905	5831
11356	13
11356	4574
11356	5859
11432	5693
11432	11433
11434	5
11434	13
11434	80
11434	11435
11434	11437
11435	8
11435	11436
11436	55
11436	11453
11439	58
11439	11440
11453	1
11453	2582
11453	11811
11472	9
11472	7838
11477	615
11477	934
11519	58
11519	571
11541	21
11541	84
11541	11542
11811	1
11811	6
11811	129
11929	11934
11948	100
11948	11949
11949	10
11949	11950
12214	5382
12214	12215
12989	33
12989	47
13309	21
13309	2059
13378	68
13378	231
14086	22
14086	14087
14095	22
14095	14096
14097	11
14097	805
14107	22
14107	14108
14117	14118
14119	91
14119	14120
14818	32
14818	80
