1	1
1	2
1	3
1	4
1	5
1	7
1	8
1	9
1	10
1	11
1	12
1	13
1	14
1	15
1	17
1	18
1	20
1	21
1	22
1	25
1	26
1	27
1	30
1	31
1	33
1	35
1	36
1	37
1	41
1	42
1	44
1	47
1	48
1	49
1	51
1	54
1	55
1	58
1	59
1	60
1	61
1	62
1	63
1	65
1	66
1	67
1	68
1	69
1	75
1	77
1	80
1	84
1	85
1	86
1	89
1	95
1	97
1	99
1	101
1	103
1	105
1	108
1	109
1	110
1	112
1	114
1	116
1	117
1	120
1	124
1	130
1	132
1	134
1	135
1	137
1	140
1	144
1	145
1	146
1	148
1	151
1	152
1	153
1	155
1	159
1	161
1	162
1	165
1	167
1	169
1	174
1	180
1	181
1	184
1	187
1	189
1	191
1	194
1	195
1	197
1	212
1	213
1	214
1	215
1	217
1	218
1	219
1	221
1	224
1	229
1	234
1	243
1	249
1	250
1	252
1	255
1	256
1	258
1	259
1	265
1	267
1	270
1	281
1	283
1	285
1	293
1	294
1	299
1	301
1	302
1	319
1	327
1	328
1	329
1	330
1	334
1	342
1	345
1	352
1	362
1	363
1	364
1	365
1	366
1	369
1	370
1	385
1	387
1	416
1	419
1	438
1	455
1	461
1	468
1	475
1	492
1	496
1	526
1	530
1	536
1	543
1	546
1	555
1	559
1	571
1	585
1	588
1	601
1	603
1	612
1	617
1	628
1	632
1	633
1	637
1	641
1	642
1	645
1	655
1	670
1	700
1	704
1	712
1	718
1	719
1	721
1	740
1	760
1	777
1	794
1	804
1	818
1	836
1	847
1	864
1	870
1	881
1	890
1	954
1	956
1	962
1	984
1	1019
1	1024
1	1063
1	1110
1	1117
1	1132
1	1134
1	1161
1	1177
1	1181
1	1185
1	1190
1	1204
1	1220
1	1227
1	1228
1	1233
1	1239
1	1243
1	1245
1	1256
1	1277
1	1290
1	1327
1	1335
1	1352
1	1380
1	1419
1	1582
1	1595
1	1678
1	1762
1	1885
1	1891
1	1962
1	2112
1	2165
1	2170
1	2171
1	2229
1	2336
1	2403
1	2534
1	2642
1	2686
1	2835
1	2929
1	2946
1	3022
1	3121
1	3150
1	3246
1	3341
1	3418
1	3518
1	3523
1	3531
1	3546
1	3684
1	3692
1	3723
1	3765
1	3771
1	3895
1	4006
1	4010
1	4043
1	4063
1	4076
1	4230
1	4248
1	4317
1	4376
1	4438
1	4517
1	4546
1	4554
1	4637
1	4640
1	4677
1	4730
1	4734
1	4824
1	4874
1	4884
1	4895
1	5100
1	5111
1	5116
1	5130
1	5145
1	5172
1	5255
1	5297
1	5345
1	5394
1	5402
1	5498
1	5512
1	5569
1	5577
1	5580
1	5581
1	5582
1	5583
1	5584
1	5634
1	5635
1	5639
1	5651
1	5653
1	5665
1	5688
1	5691
1	5698
1	5712
1	5729
1	5791
1	5796
1	5827
1	5828
1	5838
1	5841
1	5842
1	5843
1	5849
1	5887
1	5922
1	5923
1	5925
1	5931
1	5935
1	5936
1	5947
1	5951
1	6000
1	6015
1	6016
1	6017
1	6022
1	6135
1	6141
1	6144
1	6147
1	6148
1	6196
1	6205
1	6240
1	6254
1	6329
1	6377
1	6554
1	6606
1	6607
1	6608
1	6714
1	6755
1	7086
1	7838
1	10858
1	10974
1	11440
1	11477
1	11525
1	11542
1	11548
1	11821
1	11824
1	11828
1	11924
1	11947
1	11950
1	12144
1	12448
1	12455
1	13952
1	14145
1	14148
1	14149
1	14150
1	14772
1	14773
1	14774
1	14775
1	14782
1	14801
1	14814
1	14842
1	14844
1	14852
2	1
2	2
2	3
2	6
2	8
2	9
2	10
2	11
2	13
2	15
2	16
2	18
2	20
2	24
2	25
2	35
2	36
2	40
2	44
2	46
2	51
2	53
2	55
2	61
2	63
2	64
2	68
2	74
2	75
2	81
2	83
2	85
2	91
2	92
2	93
2	105
2	112
2	117
2	119
2	129
2	131
2	136
2	144
2	152
2	154
2	169
2	194
2	201
2	206
2	224
2	234
2	236
2	239
2	252
2	275
2	286
2	332
2	346
2	352
2	354
2	357
2	361
2	362
2	363
2	364
2	365
2	415
2	416
2	445
2	446
2	447
2	458
2	459
2	460
2	531
2	562
2	575
2	588
2	627
2	647
2	665
2	668
2	669
2	683
2	686
2	705
2	857
2	882
2	886
2	1094
2	1096
2	1107
2	1120
2	1134
2	1143
2	1167
2	1172
2	1262
2	1272
2	1277
2	1284
2	1345
2	1346
2	1931
2	2047
2	2128
2	2139
2	2163
2	2282
2	2305
2	2412
2	2430
2	2553
2	2554
2	2702
2	2729
2	2839
2	2960
2	2965
2	2984
2	2985
2	2987
2	2988
2	2992
2	3028
2	3125
2	3127
2	3231
2	3287
2	3373
2	3402
2	3406
2	3492
2	3494
2	3511
2	3512
2	3541
2	3635
2	3785
2	3838
2	4030
2	4257
2	4312
2	4352
2	4419
2	4549
2	4637
2	4640
2	4681
2	4682
2	4727
2	4734
2	4801
2	4823
2	5172
2	5336
2	5345
2	5378
2	5560
2	5686
2	5691
2	5696
2	5820
2	5890
2	5894
2	5899
2	5921
2	5928
2	5929
2	5981
2	5983
2	5993
2	6112
2	6113
2	6124
2	6397
2	6506
2	6671
2	7118
2	9332
2	9823
2	11174
2	11407
2	11472
2	11554
2	11555
2	11929
2	11945
2	11946
2	12450
2	14143
3	1
3	4
3	6
3	7
3	8
3	11
3	14
3	20
3	22
3	24
3	25
3	26
3	33
3	36
3	42
3	47
3	48
3	60
3	71
3	80
3	84
3	95
3	99
3	100
3	109
3	111
3	127
3	143
3	153
3	161
3	162
3	164
3	167
3	168
3	174
3	198
3	236
3	248
3	258
3	259
3	264
3	280
3	301
3	332
3	334
3	349
3	366
3	376
3	385
3	399
3	410
3	415
3	445
3	455
3	468
3	500
3	504
3	527
3	546
3	577
3	617
3	628
3	642
3	655
3	674
3	709
3	762
3	777
3	804
3	818
3	877
3	954
3	956
3	957
3	1031
3	1034
3	1161
3	1164
3	1176
3	1181
3	1201
3	1222
3	1370
3	1697
3	2051
3	2110
3	2137
3	2170
3	2232
3	2835
3	2946
3	3205
3	3232
3	3245
3	3344
3	3772
3	3912
3	4044
3	4076
3	4281
3	4453
3	4468
3	4554
3	4707
3	4840
3	5259
3	5261
3	5263
3	5265
3	5267
3	5269
3	5285
3	5300
3	5406
3	5445
3	5449
3	5451
3	5453
3	5467
3	5469
3	5471
3	5473
3	5475
3	5477
3	5478
3	5479
3	5490
3	5577
3	5580
3	5582
3	5584
3	5635
3	5828
3	5850
3	5931
3	5938
3	5947
3	6002
3	6054
3	6144
3	6240
3	6600
3	6650
3	6755
3	7086
3	7094
3	9813
3	9820
3	9821
3	10700
3	11150
3	11924
3	11948
3	12623
3	13952
3	14090
3	14099
4	1
4	3
4	11
4	30
4	272
4	544
4	698
4	999
4	1104
4	1328
4	2759
4	2814
4	2909
4	3547
4	3758
4	4044
4	4295
4	4814
4	5139
4	5298
4	5301
4	5487
4	5489
4	5548
4	5852
4	6142
4	6579
4	6600
4	6678
4	6757
4	7084
4	7097
4	7102
4	7213
4	7216
4	7271
4	7490
4	8061
4	11429
4	11431
4	11432
4	11509
4	12623
4	13629
4	13631
4	13634
4	14089
5	1
5	4
5	6
5	11
5	13
5	21
5	58
5	272
5	325
5	327
5	533
5	638
5	650
5	751
5	924
5	964
5	1054
5	1183
5	1328
5	1352
5	1673
5	2083
5	2373
5	2452
5	2814
5	3012
5	3227
5	3547
5	3594
5	4076
5	4295
5	4814
5	4840
5	4853
5	5108
5	5138
5	5139
5	5141
5	5235
5	5270
5	5290
5	5294
5	5298
5	5300
5	5301
5	5309
5	5394
5	5417
5	5418
5	5419
5	5423
5	5437
5	5444
5	5446
5	5457
5	5470
5	5479
5	5487
5	5489
5	5497
5	5499
5	5500
5	5501
5	5502
5	5619
5	5656
5	5657
5	5801
5	5805
5	5813
5	5815
5	5933
5	6142
5	6410
5	7344
5	11148
5	11150
5	11405
5	11409
5	11455
5	11482
5	11508
5	11509
5	12204
5	12205
5	13636
5	13638
5	14748
5	14749
5	14768
5	14769
5	14770
5	14771
5	14778
5	14784
5	14786
5	14787
5	14800
5	14802
5	14825
5	14826
5	14839
5	14840
5	14845
5	14849
5	14850
5	14851
5	14853
5	14854
5	14857
5	14858
5	14859
5	14866
5	14870
6	3
6	5
6	7
6	9
6	11
6	14
6	22
6	24
6	25
6	26
6	33
6	47
6	48
6	71
6	80
6	84
6	90
6	101
6	106
6	127
6	139
6	143
6	144
6	153
6	161
6	168
6	174
6	178
6	181
6	198
6	199
6	236
6	255
6	259
6	267
6	280
6	312
6	334
6	343
6	356
6	410
6	415
6	445
6	468
6	500
6	504
6	577
6	584
6	642
6	674
6	685
6	693
6	696
6	762
6	835
6	870
6	894
6	956
6	1161
6	1164
6	1176
6	1236
6	1370
6	1450
6	1697
6	1792
6	1985
6	2888
6	2934
6	3012
6	3205
6	3221
6	3246
6	3287
6	3341
6	3684
6	3715
6	3772
6	3912
6	4244
6	4246
6	4281
6	4654
6	5111
6	5272
6	5273
6	5275
6	5276
6	5285
6	5297
6	5300
6	5379
6	5451
6	5453
6	5455
6	5457
6	5471
6	5473
6	5475
6	5477
6	5478
6	5479
6	5490
6	5580
6	5582
6	5584
6	5744
6	5746
6	5748
6	5750
6	5751
6	5753
6	5754
6	5756
6	5758
6	5759
6	5760
6	5762
6	5763
6	5765
6	5947
6	5999
6	6017
6	6102
6	6650
6	7086
6	11455
7	1
7	3
7	4
7	6
7	7
7	11
7	14
7	16
7	18
7	22
7	27
7	28
7	30
7	36
7	37
7	42
7	48
7	58
7	59
7	60
7	67
7	80
7	82
7	88
7	125
7	139
7	161
7	191
7	195
7	218
7	226
7	237
7	250
7	268
7	285
7	295
7	327
7	355
7	366
7	376
7	385
7	425
7	427
7	435
7	450
7	472
7	487
7	500
7	510
7	533
7	544
7	546
7	547
7	555
7	601
7	606
7	612
7	637
7	643
7	650
7	658
7	667
7	698
7	704
7	735
7	756
7	822
7	847
7	964
7	1036
7	1054
7	1058
7	1059
7	1079
7	1104
7	1110
7	1124
7	1157
7	1164
7	1176
7	1183
7	1197
7	1211
7	1259
7	1327
7	1328
7	1335
7	1352
7	1673
7	1695
7	1953
7	2083
7	2124
7	2140
7	2191
7	2229
7	2373
7	2406
7	2452
7	2506
7	2625
7	2700
7	2759
7	2814
7	2909
7	3012
7	3035
7	3161
7	3205
7	3227
7	3336
7	3345
7	3460
7	3531
7	3547
7	3564
7	3594
7	3718
7	3758
7	3765
7	3771
7	3824
7	3918
7	3957
7	4043
7	4044
7	4282
7	4398
7	4409
7	4717
7	4814
7	4820
7	4840
7	4853
7	5102
7	5108
7	5130
7	5138
7	5139
7	5141
7	5202
7	5284
7	5290
7	5294
7	5298
7	5300
7	5301
7	5356
7	5417
7	5418
7	5419
7	5437
7	5444
7	5446
7	5457
7	5485
7	5487
7	5488
7	5489
7	5497
7	5498
7	5499
7	5500
7	5501
7	5502
7	5577
7	5579
7	5581
7	5583
7	5619
7	5634
7	5635
7	5637
7	5639
7	5640
7	5642
7	5643
7	5647
7	5648
7	5657
7	5665
7	5801
7	5803
7	5805
7	5813
7	5815
7	5827
7	5842
7	5843
7	5852
7	5933
7	5935
7	5936
7	5956
7	5965
7	5966
7	6178
7	6204
7	6258
7	6329
7	6426
7	6579
7	6581
7	6600
7	6603
7	6635
7	6649
7	6651
7	6675
7	6678
7	6711
7	6757
7	7084
7	7095
7	7097
7	7102
7	7123
7	7213
7	7216
7	7271
7	7343
7	7344
7	7718
7	7725
7	7731
7	7734
7	8061
7	8062
7	10974
7	11148
7	11150
7	11405
7	11409
7	11425
7	11429
7	11431
7	11432
7	11455
7	11508
7	11509
7	11821
7	11939
7	11941
7	12204
7	12205
7	12455
7	12623
7	13629
7	13631
7	13634
7	13636
7	13638
7	14089
7	14748
7	14749
7	14768
7	14769
7	14770
7	14771
7	14778
7	14784
7	14786
7	14787
7	14800
7	14802
7	14812
7	14818
7	14819
7	14820
7	14821
7	14823
7	14825
7	14826
7	14827
7	14839
7	14840
7	14845
7	14849
7	14850
7	14851
7	14853
7	14854
7	14857
7	14858
7	14859
7	14866
7	14870
8	2
8	8
8	9
8	10
8	20
8	92
8	1013
8	1284
8	1801
8	5841
9	1
9	2
9	4
9	5
9	8
9	10
9	15
9	35
9	46
9	73
9	74
9	80
9	103
9	106
9	112
9	147
9	153
9	178
9	236
9	242
9	253
9	262
9	277
9	385
9	442
9	465
9	627
9	645
9	647
9	672
9	686
9	718
9	1013
9	1081
9	3287
9	4188
9	4257
9	5765
9	5925
10	1
10	4
10	5
10	8
10	9
10	11
10	13
10	20
10	24
10	35
10	36
10	40
10	80
10	91
10	100
10	104
10	136
10	154
10	332
10	356
10	512
10	527
10	531
10	641
10	681
10	3112
10	6671
10	7118
10	9823
10	11407
10	11929
10	11945
10	11946
10	11949
10	12450
10	14120
10	14143
11	1
11	3
11	5
11	7
11	8
11	9
11	22
11	26
11	68
11	80
11	119
11	169
11	3722
11	5111
11	5548
11	5651
11	6565
12	12
12	148
12	6250
13	1
13	2
13	9
13	64
13	73
13	119
13	147
13	153
13	242
13	262
13	295
13	385
13	3722
13	4051
14	1
14	5
14	7
14	8
14	9
14	63
14	64
14	80
14	144
14	169
14	1596
14	5655
14	5890
14	5894
14	5899
15	1
15	8
15	9
15	75
15	105
15	1170
16	1
16	6
16	11
16	20
16	26
16	61
16	111
16	319
16	719
16	877
16	894
16	1352
16	2083
16	3069
16	3221
16	3345
16	3460
16	4281
16	5271
16	5272
16	5273
16	5275
16	5276
16	5447
16	5460
16	14144
17	1
17	8
17	66
17	110
17	562
17	613
17	2863
17	5546
17	6412
18	9
18	250
19	1
19	2
19	6
19	11
19	21
19	73
19	84
19	213
19	300
19	788
19	828
19	1137
19	1152
19	1241
19	1502
19	1598
19	2059
19	2339
19	2436
19	2918
19	2967
19	3391
19	3542
19	3702
19	3711
19	4158
19	4160
19	4311
19	4692
19	4728
19	4748
19	4833
19	5127
19	5302
19	5313
19	5523
19	5544
19	5545
19	5546
19	5582
19	5584
19	5587
19	5588
19	5589
19	5594
19	5660
19	5802
19	5804
19	5814
19	6199
19	6212
19	6213
19	6245
19	6410
19	7294
19	7308
19	11542
20	8
20	9
20	14
20	15
20	35
20	119
20	130
20	147
20	212
21	19
21	155
21	212
21	5805
22	4
22	5
22	8
22	9
22	11
22	15
22	24
22	35
22	36
22	41
22	74
22	104
22	112
22	168
22	206
22	349
22	361
22	454
22	1136
24	6
24	8
24	9
24	10
24	11
24	33
24	83
24	264
24	332
24	357
24	624
24	638
24	978
24	1136
24	1996
24	1997
24	2232
24	2297
24	2558
24	2571
24	2714
24	2727
24	2998
24	3214
24	3341
24	3344
24	3508
24	3939
24	5135
24	5259
24	5261
24	5263
24	5265
24	5267
24	5269
24	6250
24	6442
25	1
25	4
25	5
25	8
25	9
25	10
25	11
25	13
25	14
25	20
25	26
25	64
25	80
25	101
25	119
25	334
25	415
25	439
25	624
25	669
25	1045
25	2987
25	3287
25	3541
25	5711
25	5928
25	5929
25	6112
25	9332
26	1
26	7
26	11
26	22
26	25
26	36
26	42
26	48
26	141
26	166
26	222
26	232
26	233
26	302
26	322
26	349
26	487
26	671
26	957
26	1157
26	1165
26	1169
26	1179
26	1211
26	1252
26	1259
26	2625
26	3232
26	3465
26	3957
26	4398
26	5381
26	5527
26	5528
26	5548
26	5645
26	5655
26	5932
26	5946
26	6002
26	6054
26	7343
27	1
27	7
27	67
27	127
27	1382
27	1829
27	2177
27	2218
27	2465
27	5585
28	1
28	3
28	7
28	11
28	15
28	26
28	30
28	37
28	67
28	111
28	213
28	280
28	410
28	535
28	576
28	605
28	619
28	633
28	877
28	1780
28	2140
28	2411
28	3033
28	3069
28	5490
28	5498
28	9825
28	11935
28	11939
29	4
29	15
29	52
29	80
29	103
29	105
29	167
29	277
29	718
29	1190
29	1246
29	2687
29	6040
30	1
30	8
30	28
30	41
30	80
30	94
30	195
30	237
30	427
30	500
30	510
30	708
30	735
30	1054
30	1176
30	1528
30	2140
30	2465
30	2506
30	3035
30	3205
30	3336
30	5138
30	5485
30	5488
30	6426
30	6638
30	11938
30	14818
31	8
31	15
31	20
31	92
31	104
31	206
31	243
32	28
32	237
32	500
32	14818
33	1
33	13
33	20
33	24
33	548
33	5993
35	8
35	9
35	44
35	96
35	144
35	201
36	7
36	11
36	35
36	74
36	104
36	5655
37	4
37	8
37	9
37	10
37	11
37	13
37	14
37	20
37	21
37	27
37	48
37	51
37	65
37	77
37	80
37	101
37	143
37	213
37	430
37	581
37	1242
37	1259
37	1921
37	2055
37	2412
37	3214
37	3508
37	3838
37	5462
37	5520
37	5596
37	5598
37	5729
39	13
39	21
39	39
39	2967
40	10
40	27
40	30
40	264
40	422
40	605
40	658
40	681
40	2055
40	2530
40	3372
41	10
41	13
41	20
41	22
41	25
41	37
41	886
41	3341
42	7
42	8
42	9
42	26
42	35
42	91
42	104
42	122
42	390
42	6565
43	15
43	105
43	518
43	645
43	1170
43	1288
43	1306
43	4500
43	4789
43	4845
43	4890
43	4891
43	4902
43	4937
43	4943
43	5159
44	1
44	9
44	11
44	13
44	35
44	46
44	55
44	58
44	74
44	91
44	105
44	144
44	325
44	531
44	942
44	2407
44	3794
44	4895
44	5922
45	11
45	12
45	3363
46	8
46	13
46	15
46	35
46	46
46	112
47	10
47	13
47	20
47	1931
47	2727
48	22
48	37
49	8
49	9
49	11
49	13
49	20
49	25
49	35
49	36
49	99
49	152
49	438
49	2984
49	3406
49	3794
49	4823
49	6113
51	1
51	4
51	5
51	25
51	80
51	127
51	1318
51	1327
51	1419
51	2166
51	2320
51	3740
51	4742
51	4805
51	13645
51	14791
51	14792
51	14793
51	14803
51	14804
51	14805
51	14806
51	14847
51	14848
51	14856
51	14861
51	14863
51	14864
51	14865
51	14868
51	14871
51	14874
52	4
52	15
52	80
52	243
52	611
52	617
52	1290
52	4708
52	4737
52	4818
52	4866
52	4911
52	6126
52	6136
52	6141
53	8
53	9
53	28
53	54
53	59
53	94
53	224
53	374
53	506
53	573
53	634
53	635
53	850
53	2000
53	2538
53	3721
53	4072
53	4555
53	6125
53	6127
53	11553
54	9
54	20
55	8
55	9
55	112
55	475
58	5
58	7
58	8
58	9
58	80
58	234
58	4734
58	5295
58	5297
58	5923
59	13
59	224
60	1
60	4233
61	9
61	13
61	16
61	255
62	1
62	6
62	11
62	13
62	14
62	20
62	27
62	77
62	86
62	153
62	179
62	327
62	533
62	581
62	1035
62	1201
62	2163
62	5933
62	5935
63	9
63	13
63	46
63	55
63	74
63	112
63	128
63	269
63	307
63	354
63	447
63	570
63	1064
63	3691
63	3785
63	4352
63	5673
63	5674
64	3
64	8
64	9
64	13
64	14
64	20
64	25
64	63
64	79
64	144
64	152
64	169
64	352
64	940
64	2282
64	4640
65	1
65	10
65	11
65	13
65	14
65	20
65	22
65	41
65	97
65	168
65	542
65	2218
65	2291
65	2553
65	2934
65	5699
65	5820
66	13
66	21
66	4158
66	4160
66	4432
66	4728
68	8
68	11
68	22
68	117
68	3028
68	5125
68	5381
68	13378
69	54
69	2000
69	4555
71	4
71	5
71	27
71	60
71	162
71	174
72	1
72	80
72	425
72	547
72	1041
72	3718
73	13
73	20
73	2430
75	8
75	9
75	13
75	15
75	25
75	29
75	43
75	46
75	55
75	63
75	74
75	105
75	354
75	447
75	3785
77	9
77	11
77	25
77	134
77	151
77	327
77	1165
78	1
78	11
78	13
78	20
78	268
78	398
78	643
78	2406
78	2700
78	3512
79	1
79	11
79	13
79	20
79	25
79	82
79	166
79	268
79	2505
79	3511
79	5332
80	1
80	3
80	4
80	6
80	7
80	8
80	11
80	13
80	27
80	28
80	58
80	88
80	94
80	191
80	272
80	325
80	327
80	533
80	544
80	650
80	751
80	964
80	1054
80	1104
80	1352
80	2083
80	2373
80	2452
80	2759
80	2814
80	2909
80	3012
80	3227
80	3594
80	3758
80	4044
80	4076
80	4295
80	4814
80	4840
80	4853
80	5108
80	5138
80	5139
80	5141
80	5270
80	5290
80	5294
80	5298
80	5300
80	5301
80	5417
80	5437
80	5444
80	5446
80	5457
80	5470
80	5479
80	5487
80	5489
80	5497
80	5499
80	5500
80	5501
80	5548
80	5791
80	5815
80	5852
80	6142
80	6638
80	6711
80	6757
80	7084
80	7097
80	7213
80	7216
80	7344
80	7490
80	8061
80	11148
80	11150
80	11409
80	11429
80	11431
80	11432
80	11455
80	11482
80	11508
80	11509
80	11941
80	12204
80	12205
80	12623
80	13629
80	13631
80	13634
80	13636
80	13638
80	14089
80	14748
80	14749
80	14768
80	14769
80	14770
80	14771
80	14778
80	14784
80	14786
80	14787
80	14800
80	14802
80	14819
80	14825
80	14826
80	14839
80	14840
80	14845
80	14849
80	14850
80	14851
80	14853
80	14854
80	14857
80	14858
80	14859
80	14866
80	14870
81	9
81	11
81	13
81	55
81	74
81	85
81	91
81	92
81	104
81	105
81	130
81	275
81	352
81	354
81	447
81	531
81	1096
81	2965
81	3785
82	1
82	11
82	13
82	20
82	25
82	268
82	355
82	483
82	822
82	1179
82	2839
83	6
83	10
83	11
83	24
83	638
83	1209
84	4
84	5
84	33
84	80
85	8
85	15
85	25
85	104
85	112
85	231
85	279
85	352
85	354
85	665
88	5
88	7
88	870
89	31
89	95
89	267
89	2336
90	21
90	1502
91	10
91	11
91	42
91	264
91	332
91	430
91	1169
91	2232
91	5520
92	5
92	9
92	31
92	80
92	85
92	1236
93	4
93	10
93	30
93	80
93	111
93	681
93	1352
94	22
94	27
94	59
94	5529
95	8
95	85
95	104
95	206
95	1094
95	5345
96	1
96	35
96	1222
96	2492
96	3862
96	4615
96	5860
96	5861
97	8
97	9
97	13
97	14
97	20
97	22
97	55
97	112
97	283
97	302
97	606
97	669
97	957
97	3125
97	4352
99	13
99	20
99	25
99	222
99	1262
100	5
100	8
100	9
100	10
100	683
100	894
100	1352
100	3344
100	4570
100	4644
100	5449
100	5467
101	4
101	5
101	8
101	9
101	11
101	14
101	80
101	143
101	234
101	415
101	504
101	2972
101	9332
103	13
103	29
103	668
104	8
104	9
104	81
104	130
105	8
105	9
105	15
105	299
106	1
106	1168
109	68
109	6006
110	15
110	35
110	105
110	1246
110	3862
110	4500
111	9
111	10
111	184
111	3372
112	8
112	9
112	55
112	63
114	8
114	10
114	30
114	576
114	588
114	1996
116	4
116	5
116	8
116	10
116	80
116	93
116	422
116	577
117	1
117	20
117	119
117	199
117	1168
117	5382
117	12215
118	4
118	5
118	68
118	80
118	85
118	111
118	117
118	231
118	236
118	279
120	13
120	20
120	4681
120	4682
120	4727
120	4801
120	5921
121	8
121	117
122	1
122	1061
123	13
123	20
123	25
123	233
123	2047
124	4
124	5
124	8
124	446
124	1697
125	126
125	399
126	1
126	125
128	55
128	4730
128	4884
128	4886
128	4887
128	4901
128	4907
128	4911
128	4926
128	4927
128	4936
128	6133
128	6134
128	6138
128	6139
128	6140
128	6141
128	11377
129	13
129	235
129	341
129	353
129	448
129	4432
129	5859
129	11356
130	4
130	5
130	9
130	35
130	80
130	119
130	144
130	262
130	294
130	655
130	3794
130	4734
131	13
131	39
131	55
131	74
131	85
131	92
131	105
131	206
131	275
131	352
131	1096
131	2965
132	1
132	67
133	14
133	22
133	27
134	10
134	14
134	27
134	170
134	315
134	555
134	2714
135	11
135	13
135	14
135	20
135	21
135	388
135	785
135	1152
135	2988
136	4
136	10
136	30
136	80
136	877
136	1352
136	5269
137	1
137	55
137	191
137	1194
138	1
138	5
138	80
138	139
138	735
138	2140
138	5498
140	8
140	15
140	357
140	611
140	645
141	11
141	4424
143	4
143	5
143	16
143	65
143	101
143	364
143	415
143	440
143	445
144	8
144	9
144	35
144	119
144	242
144	387
146	1
146	54
146	548
146	850
146	1371
146	2734
148	4
148	5
148	11
148	13
148	20
148	42
148	80
148	1157
148	2702
148	3912
149	1
149	4
149	5
149	11
149	22
149	36
149	80
149	122
151	1419
151	3740
152	13
152	20
152	3402
153	21
153	2918
154	5
154	10
154	11
154	80
154	249
154	1352
154	2934
154	2990
154	5272
155	1
155	73
155	101
155	542
155	1026
155	2291
156	7
156	13
156	30
156	633
156	5809
156	13425
157	60
157	114
157	162
157	219
157	416
157	670
157	1595
157	1958
157	4230
157	4233
157	4680
157	6254
158	1
158	8
158	9
158	24
158	33
158	36
158	311
158	417
159	8
159	104
159	206
159	275
160	4
160	5
160	27
160	48
160	80
161	151
161	1165
162	1
162	3
162	6
162	422
162	3161
162	3547
162	5102
163	13
163	5983
164	1
164	13
164	20
164	42
164	332
164	1061
165	55
165	60
165	1885
165	5676
166	11
166	79
166	940
166	2763
166	5852
167	11
167	15
167	190
167	518
167	3033
167	4903
167	5503
167	5504
167	5787
167	11061
167	11131
167	11132
167	11133
167	11134
167	11135
167	11136
167	14869
168	1146
169	9
169	327
169	438
170	147
170	4188
173	5
173	11
173	80
173	229
173	685
173	693
174	13
174	20
174	40
179	86
179	134
183	13
183	20
183	25
183	141
183	2554
185	221
186	4
186	22
186	80
187	1
187	4
187	5
187	6
187	10
187	80
187	667
187	1164
187	1953
187	2373
187	2530
187	3594
187	5418
187	5419
187	5500
187	5502
188	13
188	20
188	2992
189	8
189	346
195	8
195	15
195	55
195	60
195	162
195	319
195	550
195	1190
195	2960
195	5681
195	6062
196	13
196	4030
197	4
197	8
197	80
197	236
197	3232
199	231
201	8
201	13
201	35
201	46
201	215
203	4
203	15
203	80
203	3272
203	4387
203	4884
203	4913
203	4925
203	6134
203	6135
203	6483
203	13952
206	8
206	131
206	342
208	267
212	8
212	14
212	20
212	147
212	294
212	442
213	27
213	30
213	37
213	67
214	8
214	178
214	364
214	672
218	14
218	27
218	67
219	1
219	6
219	28
219	427
219	4820
219	5356
219	5956
219	5965
219	5966
219	14748
219	14749
219	14768
219	14769
219	14770
219	14771
219	14778
219	14812
219	14820
219	14821
219	14823
221	4
221	5
221	8
221	198
221	1172
222	4
222	11
222	24
222	80
223	8650
224	8
224	53
226	4
226	5
226	71
226	80
227	9
227	33
229	10
229	1209
229	3939
229	4688
229	6022
229	6025
229	6251
229	6252
229	6253
230	1
230	3
230	6
230	11
230	2814
232	4
232	42
232	80
233	11
233	5119
234	5
234	8
234	9
234	11
234	101
234	3294
234	4376
234	4734
234	5928
235	13
235	341
236	9
236	197
236	1159
239	8
239	9
239	14
239	365
239	705
239	881
241	14
241	60
242	14
242	385
243	31
243	124
243	267
245	10
245	12
245	5122
245	5844
246	13
246	20
246	136
248	11
248	68
248	1136
248	1169
248	4424
248	5118
248	5119
248	6157
249	1
249	13
249	20
249	154
249	6412
250	8
250	18
250	704
250	847
252	8
252	9
252	252
252	267
255	8
255	61
256	4
256	22
256	80
258	4
258	5
258	80
258	168
262	4
262	27
262	385
267	8
267	221
267	668
268	3
268	6
268	272
269	55
269	1194
269	5980
270	1
270	13
270	74
270	128
270	645
270	4730
270	4927
270	6128
270	6139
272	1
272	5
272	82
272	268
272	355
272	643
272	4244
275	85
275	636
275	5345
277	15
277	103
277	208
277	277
280	1
280	6
280	667
280	5284
280	5290
281	8
281	15
281	104
281	112
281	447
286	13
286	39
286	55
286	74
286	105
286	361
286	362
288	8
288	9
288	25
288	36
288	83
288	169
288	683
288	3231
288	4419
292	10
292	2558
293	208
294	262
294	442
297	1
297	97
299	8
299	15
299	35
299	104
299	105
299	106
299	206
299	361
299	363
299	442
299	705
299	1346
300	8
300	2305
301	20
301	117
302	1
302	11
302	6114
307	55
307	157
307	550
307	4598
311	1
311	4
311	5
311	11
311	26
311	80
311	417
311	5379
314	1
314	8
314	27
314	250
314	627
315	170
315	750
315	986
315	7282
318	10
318	2838
318	2990
319	8
319	6124
320	94
320	1755
322	4
322	11
322	80
322	527
322	6157
325	4
325	35
325	80
325	1222
325	1311
325	4467
325	4850
327	13
327	20
327	3406
328	1
328	6
328	25
328	41
328	108
328	1252
328	3227
329	1
329	8
329	104
329	206
329	352
329	6023
330	8
330	242
330	362
330	672
334	25
334	77
334	232
334	1035
337	27
337	295
337	438
339	3129
339	3715
340	1
340	226
340	435
340	756
341	13
341	448
342	5
342	80
342	343
343	8
343	15
343	35
343	112
343	342
343	3723
343	3895
344	55
344	5980
345	5
345	11
345	80
345	199
346	9
346	13
346	189
346	570
347	13
347	20
347	40
349	4
349	11
349	100
350	21
350	162
350	165
350	189
350	416
350	1241
350	4438
352	10
352	14
352	85
352	357
354	9
354	85
354	111
354	118
354	5345
355	1
355	11
355	355
355	822
355	3758
356	1
356	24
356	164
356	332
356	3231
357	33
357	352
357	4256
360	8
360	9
360	206
360	559
361	8
361	35
361	286
361	342
362	8
362	9
362	330
362	361
363	8
363	9
363	364
363	459
364	8
364	9
364	214
364	363
365	8
365	364
365	415
365	1346
366	27
366	11821
369	103
369	267
369	369
369	718
369	721
370	1958
370	4230
375	14
375	27
375	285
376	4
376	777
377	1
377	28
377	667
377	1058
377	2506
377	3336
378	1
378	20
378	68
378	1081
379	5
379	80
379	181
379	312
385	4
385	27
385	366
386	99
386	135
387	242
387	442
388	10
388	14
388	21
388	27
388	5127
388	5130
388	5135
390	4
390	80
390	126
390	399
398	14
398	21
398	27
398	637
398	6213
399	19
399	122
399	390
399	4253
399	5805
401	54
401	634
401	635
402	14
402	27
402	36
403	15
403	4387
405	14
405	27
405	161
407	13
407	20
407	25
407	671
407	3127
407	3465
408	27
408	450
410	1
410	6
410	28
410	139
410	1176
410	3205
410	5479
410	5498
412	1
412	28
412	510
415	4
415	5
415	80
415	504
416	9
416	13
416	40
416	269
416	641
416	681
418	5
418	8
418	356
418	1107
422	40
422	60
422	162
422	165
422	641
427	584
427	696
427	1312
427	2198
427	5956
429	5
429	80
429	106
429	2642
430	1
430	931
432	4
432	709
437	33
437	77
440	5
440	73
440	80
440	101
440	143
442	3736
445	80
445	101
445	234
445	4376
446	52
446	103
447	9
447	111
447	279
447	281
448	6
448	13
448	80
448	353
448	751
448	3428
448	11356
449	4
449	5
449	25
449	26
449	47
449	80
449	4076
455	3
455	9
455	13
455	119
455	153
455	3150
458	13
458	39
458	55
458	105
458	705
459	9
459	13
459	39
459	55
459	105
459	363
460	13
460	55
460	105
460	365
460	1346
461	140
461	461
461	3518
468	1
468	3
468	5
468	6
468	7
468	15
468	54
468	80
468	2538
468	5297
468	5298
468	5300
468	11133
469	4
469	5
469	80
469	84
472	5
472	6
472	7
472	870
472	5309
473	4
473	376
475	8
475	14
475	15
475	35
475	55
475	104
475	206
475	299
475	361
475	363
475	705
475	1346
483	1
483	3
483	14
483	27
483	3758
483	3765
486	4
486	5
486	15
486	80
486	500
486	5787
487	10
487	2571
490	8
490	9
490	35
490	104
490	531
491	14
491	22
491	1962
492	89
492	124
496	13
496	20
496	3635
499	86
499	603
503	8
503	3494
506	11
506	245
506	302
506	5528
515	14
515	27
515	1110
521	1
521	6
521	964
521	2452
523	4
523	5
523	15
523	674
523	11135
524	32
524	2248
526	8
526	106
526	365
526	672
527	10
527	11
527	30
527	877
527	1352
527	2411
527	6157
530	1
530	472
530	6603
532	4
532	5
532	259
534	1
534	8
534	14
534	27
534	250
534	647
535	1
535	3
535	6
535	15
535	4295
535	5294
535	11134
544	1036
546	6
546	5235
547	14
547	21
547	27
547	788
547	5577
547	5589
550	195
550	588
555	4
555	5
555	80
555	334
559	14
559	147
559	672
559	5512
562	9
562	17
565	1
565	3
565	1104
570	55
570	6062
573	54
573	573
575	20
576	719
576	1352
577	4
577	80
577	258
579	4
579	10
579	248
579	1136
579	1169
579	4424
579	5118
579	5119
579	6157
581	21
581	300
582	10
582	5598
583	5
583	80
583	5999
584	4
584	4707
585	8
585	54
585	1167
585	3721
588	9
588	13
588	114
588	307
590	1
590	6
590	5615
590	12205
591	13
591	1064
597	4
597	3232
601	4
601	5
601	80
601	7086
605	10
605	416
605	422
605	681
606	11
606	302
606	519
606	5527
611	55
611	4886
613	14
613	3022
620	117
621	9
621	110
625	8
625	686
627	18
627	27
628	1
628	7
628	5585
630	1
630	10
630	1352
630	3460
630	4424
631	1
631	74
631	197
632	27
632	4409
632	5640
632	5831
636	9
636	96
637	4
637	80
637	954
639	5
639	80
639	584
639	696
640	1
640	4
640	264
640	658
641	8
641	10
641	55
641	157
641	162
641	416
641	422
641	1885
641	2112
643	11
643	780
643	5648
645	1
645	8
645	1170
645	4257
647	14
647	18
647	27
655	9
655	13
655	20
655	25
655	119
655	144
655	385
655	1762
662	1
662	667
662	1058
662	1124
662	1953
662	2373
662	5284
664	14
664	101
664	439
664	445
665	9
665	85
665	5345
668	9
668	267
668	1172
668	5345
669	8
669	9
669	51
670	1
670	4233
673	2
673	84
673	118
673	1801
674	30
674	280
677	13
677	39
681	10
681	416
694	15
694	4890
694	4891
699	74
699	239
699	454
700	13
700	655
704	1
704	7
704	27
704	6002
705	8
705	112
705	342
705	458
706	14
706	21
706	27
706	285
706	2436
708	1
708	1382
717	4
717	5
717	1370
718	15
718	369
718	718
719	73
719	1026
721	267
721	721
722	1380
729	12452
735	3
735	4
735	5
735	6
735	80
735	762
735	5489
738	8
738	104
738	206
738	2965
751	1
751	6
751	28
751	1054
760	221
760	760
763	27
763	3564
777	15
777	11061
780	10
780	14
780	21
780	27
780	978
780	5634
780	5647
780	5659
780	6212
787	13
787	20
787	2839
788	21
788	27
788	218
788	5577
788	5588
792	14
792	27
792	3771
794	4
794	5
794	8
794	80
794	95
794	104
794	206
794	267
794	615
794	1096
811	1
811	1197
819	14
819	217
821	21
821	3391
829	1
829	6
829	14786
829	14787
831	8
831	864
831	1134
831	1678
836	5
836	8
836	80
836	319
836	1120
836	1352
836	2934
842	1
842	5
842	80
842	687
842	2097
842	6017
842	11907
853	9
853	13
853	194
856	21
856	2967
857	3
857	13
857	20
857	25
857	1185
864	8
864	3492
877	5116
881	8
881	14
881	239
881	454
881	526
882	8
882	10
882	20
882	1134
890	9
890	890
899	4
899	2110
900	22
900	5125
906	5
906	80
906	178
906	5100
909	1
909	2165
909	2166
916	24
916	3112
921	8
921	9
921	415
923	6
923	924
928	469
928	1755
931	14
931	1024
937	4
937	546
942	144
944	1
944	2637
951	1
951	3
951	4
951	5
951	6
951	15
951	80
951	468
951	5141
951	5295
951	5301
951	5503
956	13
956	25
956	322
956	5560
957	22
957	5529
958	2403
958	4517
962	6
962	5394
978	21
978	1598
986	14
986	27
986	5665
996	3
996	999
1005	9
1005	25
1005	65
1005	3232
1007	5
1007	80
1007	255
1019	8
1019	2985
1020	11
1020	1059
1024	1
1024	1051
1026	30
1026	67
1026	213
1033	1
1033	10
1033	1352
1033	3345
1033	5118
1034	619
1036	1061
1042	33
1042	49
1044	49
1044	58
1051	11
1051	3263
1054	1724
1058	5
1058	1985
1060	1
1060	1382
1060	1829
1060	2218
1060	2465
1060	2515
1075	59
1075	329
1078	11
1078	42
1078	4398
1079	1
1079	2191
1083	31
1086	1
1086	1122
1089	4
1089	80
1089	164
1094	111
1094	577
1096	5
1096	2888
1097	8
1097	15
1097	104
1097	112
1097	3785
1103	11
1103	105
1103	119
1103	295
1107	8
1107	1143
1119	265
1119	5849
1120	9
1120	346
1120	517
1120	836
1132	1
1132	3272
1132	4925
1134	13
1134	882
1137	170
1137	315
1137	750
1143	8
1143	9
1143	11
1143	129
1144	1
1144	4
1144	332
1144	877
1149	4
1149	80
1149	1181
1149	1259
1152	13
1152	20
1152	1262
1153	9
1153	69
1157	4
1157	5
1157	80
1157	1352
1157	4281
1159	9
1159	197
1161	21
1161	5582
1165	4
1165	5
1165	25
1165	80
1165	3287
1167	9
1167	585
1170	4
1170	80
1170	6240
1171	3735
1172	5
1172	80
1172	1236
1172	5345
1176	1
1176	6
1176	28
1176	5488
1176	5497
1177	9
1177	92
1177	137
1179	11
1179	544
1179	5350
1181	11
1181	42
1181	487
1185	2
1185	9
1185	13
1185	119
1185	857
1185	3722
1185	5841
1188	4
1188	349
1189	27
1189	1164
1189	3845
1190	15
1190	31
1190	195
1190	1290
1194	8
1194	15
1194	1277
1194	1288
1194	4549
1200	1
1200	74
1200	686
1201	62
1201	301
1203	229
1203	712
1204	2
1204	8
1204	1284
1204	11174
1205	25
1205	41
1205	349
1209	11
1209	229
1209	685
1209	5744
1209	5746
1209	5750
1209	5753
1209	5756
1209	5759
1209	5762
1213	91
1213	683
1220	9
1220	3546
1222	14830
1225	116
1225	1177
1227	1
1227	4
1227	5
1227	6
1227	54
1227	80
1227	280
1227	4555
1227	5139
1230	13
1230	13425
1235	124
1235	137
1236	345
1240	3418
1242	14
1242	143
1242	2972
1243	9
1243	4063
1245	8
1245	9
1245	1220
1245	1272
1245	11555
1260	2
1260	20
1261	44
1261	144
1271	5
1271	685
1272	9
1272	1243
1272	1245
1277	8
1277	4637
1277	11554
1288	33
1288	4248
1290	1
1290	15
1290	55
1290	962
1290	1190
1290	4730
1290	4737
1290	4845
1290	6135
1293	9
1293	1256
1322	1318
1322	2320
1326	94
1326	469
1326	1755
1328	2222
1328	11481
1344	8
1344	1345
1345	9
1345	6196
1346	8
1346	15
1346	342
1346	460
1351	1
1351	2177
1352	1
1352	16
1352	237
1352	440
1352	500
1352	6258
1352	14819
1353	1
1353	11
1371	1
1371	226
1371	435
1371	1335
1371	3161
1384	1
1384	1596
1387	1
1387	435
1387	756
1412	3
1412	6
1412	6142
1416	180
1416	12448
1419	37
1419	97
1429	10
1429	1997
1449	242
1449	1978
1494	1
1494	6
1494	5619
1528	9
1528	20
1528	5172
1561	1
1561	6
1561	1673
1595	1
1595	6
1595	28
1595	4717
1595	6426
1595	14825
1595	14826
1595	14827
1598	1
1598	3161
1598	5642
1598	5643
1609	8
1609	2729
1612	5
1612	1450
1613	124
1613	492
1628	4
1628	5849
1628	5850
1635	13
1635	20
1635	886
1636	13
1636	20
1636	2163
1637	13
1637	20
1637	3402
1637	6113
1638	13
1638	20
1638	2984
1639	13
1639	20
1639	3125
1640	13
1640	20
1640	2282
1640	6112
1641	13
1641	20
1641	2987
1642	13
1642	20
1642	2412
1643	13
1643	20
1643	2988
1644	13
1644	20
1644	3127
1645	13
1645	20
1645	2047
1646	13
1646	20
1646	1931
1647	13
1647	20
1647	2430
1647	5336
1648	13
1648	20
1648	3511
1649	13
1649	20
1649	2702
1650	13
1650	20
1650	2553
1651	13
1651	20
1651	2992
1652	13
1652	20
1652	3512
1653	13
1653	20
1653	2554
1656	42
1656	264
1664	14
1664	3636
1672	14
1672	27
1672	12455
1674	140
1693	11
1693	4185
1693	5578
1695	1695
1695	1953
1695	2373
1702	15
1702	2687
1708	1
1708	16
1708	237
1708	500
1708	6258
1708	14819
1724	1
1724	6
1724	58
1724	5108
1724	11455
1736	442
1736	465
1756	21
1756	3542
1762	385
1762	442
1777	60
1777	114
1794	10
1794	1921
1794	5122
1794	5467
1798	267
1798	1335
1829	28
1829	80
1829	708
1829	2465
1832	5
1832	10
1832	80
1832	1352
1832	3221
1832	5261
1879	8
1879	9
1879	25
1885	116
1885	162
1888	14
1888	27
1888	546
1890	10
1890	2998
1893	14
1893	120
1910	2171
1943	1
1943	6
1943	58
1943	11508
1944	5
1944	10
1944	80
1944	1352
1944	2838
1944	5265
1944	5276
1953	1
1953	4
1953	5
1953	28
1953	80
1953	410
1953	5138
1953	5485
1958	162
1958	370
1972	21
1972	4833
1977	242
1977	1978
1984	4
1984	2137
1987	3824
1996	33
1996	114
2031	21
2031	2339
2035	11871
2038	10
2038	3881
2043	1
2043	6
2043	5657
2050	1
2050	28
2050	3035
2051	11
2051	1242
2059	265
2059	5849
2060	11
2060	42
2060	7343
2066	12453
2094	376
2094	6098
2100	13
2100	2407
2112	116
2112	162
2133	9
2133	60
2140	1
2140	4
2140	5
2140	80
2140	667
2140	1124
2140	5490
2163	66
2163	613
2165	1
2165	6
2165	4853
2166	302
2166	5951
2170	1
2170	7
2170	6002
2180	59
2180	146
2188	1
2188	11
2188	13
2188	20
2188	21
2188	42
2188	1211
2188	3635
2188	5544
2191	32
2191	80
2218	54
2218	506
2235	1
2235	88
2235	2814
2291	14
2291	97
2291	109
2303	1
2303	425
2303	3718
2320	25
2320	5729
2325	5615
2336	8
2336	5345
2374	8
2374	2128
2391	60
2391	69
2406	41
2406	58
2406	328
2406	5653
2415	21
2415	3702
2416	32
2416	2248
2430	101
2430	3294
2432	28
2432	41
2432	1528
2440	54
2440	374
2442	21
2442	6199
2470	5830
2472	69
2472	1019
2492	35
2492	2492
2501	3453
2512	1
2512	11
2512	5711
2512	6114
2515	1
2515	82
2515	1382
2515	2218
2515	2465
2530	60
2530	187
2532	9
2532	740
2538	59
2538	468
2557	11
2557	100
2567	27
2567	612
2567	2229
2576	4
2576	80
2576	11924
2583	14
2583	3636
2593	5
2593	10
2593	80
2593	1352
2593	3881
2593	5259
2593	5273
2613	27
2613	161
2630	26
2630	1352
2642	11
2642	14
2642	99
2646	5615
2666	1
2666	6
2666	12204
2670	4
2670	80
2670	818
2686	1
2686	15
2686	54
2686	124
2686	195
2686	962
2686	6125
2686	6126
2686	6128
2700	58
2700	328
2714	14
2714	27
2714	5936
2715	49
2715	60
2723	14
2723	27
2723	6178
2723	10974
2727	25
2727	5548
2735	21
2735	3711
2737	11
2737	350
2739	2
2739	119
2743	3800
2743	11475
2797	30
2797	619
2814	7103
2817	5
2817	1792
2834	54
2834	4072
2846	1
2846	6
2846	1183
2850	60
2850	151
2871	11
2871	42
2871	3957
2880	8
2880	9
2880	2139
2900	35
2900	4467
2909	4
2909	80
2909	14099
2918	27
2918	5842
2918	5843
2933	3918
2939	10
2939	30
2939	1352
2939	3069
2939	5119
2940	30
2940	619
2944	3221
2953	5
2953	835
2960	9
2960	195
2972	4
2972	80
2972	2051
2985	13
2985	325
2986	14
2986	2805
2999	41
2999	5887
3000	625
3012	6204
3021	621
3021	11572
3023	342
3023	3895
3024	1
3024	1335
3024	3161
3024	5102
3024	5643
3028	9
3028	68
3033	69
3033	191
3063	5600
3069	8
3069	9
3069	3231
3087	1
3087	3
3087	5548
3090	1
3090	8
3090	9
3090	64
3090	119
3090	3838
3112	7
3112	26
3112	6565
3150	153
3150	442
3164	11425
3193	11
3193	12
3193	3363
3193	5695
3193	5844
3196	26
3196	30
3205	1
3205	139
3205	2140
3227	25
3227	41
3227	632
3227	5645
3240	6635
3245	153
3245	3245
3254	1891
3254	2534
3263	1
3263	11
3263	1079
3267	9
3267	95
3272	1
3272	15
3272	4925
3283	10
3283	6442
3284	25
3284	6002
3296	11
3296	14
3296	3415
3306	21
3306	4311
3356	1
3356	4309
3360	9
3360	870
3372	3129
3372	3715
3393	4
3393	6054
3406	62
3406	122
3410	13
3410	3691
3415	25
3415	5932
3428	6
3428	13
3428	751
3440	27
3440	4282
3451	51
3451	256
3451	546
3460	6000
3463	9
3463	419
3465	11
3465	5118
3479	1
3479	8
3479	9
3479	101
3479	445
3479	1045
3492	8
3492	9
3492	13
3492	55
3492	112
3492	4352
3530	14
3530	27
3530	3531
3541	8
3541	9
3541	101
3541	3541
3541	5930
3546	9
3546	137
3557	13
3557	5673
3561	6143
3569	7731
3582	5901
3626	327
3626	543
3638	13
3638	20
3638	4312
3657	11
3657	13
3657	5818
3657	13309
3664	1
3664	11
3664	42
3664	48
3664	2625
3680	1
3680	785
3687	10
3687	2297
3701	195
3701	11477
3706	105
3706	4789
3741	5
3741	5765
3758	1
3758	14
3758	21
3758	27
3758	425
3758	547
3758	4043
3758	5587
3765	4
3765	5
3765	80
3765	642
3772	30
3772	280
3793	1
3793	11
3793	42
3793	1259
3793	5546
3794	20
3794	122
3798	3633
3806	1
3806	5551
3820	55
3820	4598
3823	15
3823	4708
3826	4
3826	5406
3836	4
3836	1034
3838	101
3838	4376
3845	5
3845	7
3845	80
3845	5111
3862	110
3862	2863
3880	66
3880	3523
3899	51
3899	2929
3912	4
3912	5
3912	25
3912	80
3917	30
3917	535
3939	11
3939	229
3939	5744
3943	5
3943	14
3943	3341
3968	5
3968	3715
4006	9
4006	137
4030	5821
4043	4
4043	5
4043	80
4043	1161
4046	15
4046	6040
4063	9
4063	4006
4076	4
4076	5
4076	80
4076	956
4079	8
4079	4352
4085	615
4085	1096
4090	145
4090	496
4121	55
4121	6024
4121	6025
4135	15
4135	1306
4146	11
4146	13
4146	5809
4146	5818
4185	5606
4195	416
4195	3121
4196	4073
4212	1117
4213	621
4213	11572
4221	5
4221	90
4230	162
4230	670
4232	342
4232	3723
4233	162
4233	670
4244	5
4244	80
4244	3684
4250	3800
4250	11475
4253	894
4253	4570
4256	13
4256	43
4281	4
4281	5
4281	80
4281	5947
4299	1177
4307	8
4307	20
4352	11
4352	1134
4353	1
4353	6
4353	650
4373	4
4373	5
4373	15
4373	3772
4373	11136
4376	8
4376	9
4376	25
4376	4640
4384	54
4384	11553
4392	655
4392	700
4405	1
4405	4
4405	3344
4405	3345
4409	11
4409	3824
4419	83
4419	6250
4438	162
4438	1233
4441	21
4441	4692
4494	9
4494	1228
4501	13
4501	43
4502	15
4502	4818
4506	21
4506	4748
4517	670
4517	6015
4530	1
4530	3
4530	6
4530	4814
4537	35
4537	4615
4537	5860
4540	49
4540	1239
4555	59
4555	1227
4570	390
4570	4253
4571	4233
4571	4680
4598	33
4598	4317
4618	5
4618	5744
4619	1
4619	5
4619	5753
4619	5754
4620	1
4620	5
4620	5750
4620	5751
4623	6649
4624	35
4624	1311
4633	1
4633	5
4633	4364
4633	5762
4633	5763
4637	8
4637	9
4637	641
4637	1245
4637	1277
4637	5981
4640	8
4640	9
4640	3373
4644	1352
4644	5447
4648	15
4648	4866
4648	6483
4652	105
4652	4688
4652	4824
4652	6022
4656	35
4656	4850
4677	8
4677	9
4677	101
4677	119
4677	4051
4677	4734
4683	55
4683	4887
4688	1
4688	5
4688	5759
4688	5760
4730	15
4730	55
4730	4884
4730	6133
4735	13
4735	20
4735	4681
4736	13
4736	20
4736	4682
4737	1
4737	15
4737	1290
4737	1582
4737	3272
4738	33
4738	6022
4741	5
4741	4654
4750	15
4750	55
4750	4901
4750	4902
4751	8
4751	9
4751	11
4751	3373
4751	4823
4755	140
4755	4010
4760	1352
4760	5460
4763	13
4763	20
4763	4727
4791	55
4791	4907
4791	11377
4800	15
4800	4913
4814	1
4814	3
4814	6
4814	11509
4823	122
4823	4677
4825	15
4825	4903
4827	13
4827	20
4827	4801
4840	4
4840	11
4840	4453
4874	1
4874	5925
4880	15
4880	4943
4884	15
4884	55
4884	270
4884	1132
4884	4730
4884	4911
4884	6134
4884	6135
4885	55
4885	4926
4895	9
4895	13
4895	536
4895	3684
4895	4874
4895	5925
4895	6148
4911	1
4911	55
4911	1582
4911	4884
4911	4927
4911	6141
4914	15
4914	4937
4916	4677
4916	5569
4919	55
4919	6024
4922	55
4922	4936
4927	55
4927	6138
4927	6140
4944	15
4944	5159
5100	11
5100	14
5100	5145
5108	1
5108	5
5108	6
5108	11
5108	80
5108	5437
5108	11455
5110	5111
5125	22
5125	68
5125	1136
5125	6006
5127	14
5127	27
5127	5827
5130	4
5130	80
5130	2835
5138	1
5138	4
5138	5
5138	6
5138	80
5138	1176
5138	5487
5140	3
5140	6
5140	5139
5141	4
5141	5
5141	15
5141	80
5141	5300
5141	5504
5167	4
5167	5
5167	14
5167	27
5167	80
5167	161
5167	11823
5176	1
5176	5202
5200	21
5200	5313
5223	5
5223	11
5223	80
5223	229
5223	5758
5223	5759
5227	105
5227	11828
5232	5329
5254	9
5254	5255
5258	1
5258	4
5258	5259
5258	5272
5260	1
5260	4
5260	5261
5260	5273
5262	1
5262	4
5262	3221
5262	5263
5264	1
5264	4
5264	5265
5264	5275
5266	1
5266	4
5266	5267
5266	5276
5268	1
5268	4
5268	5269
5268	5271
5270	10
5270	1352
5270	5267
5270	5271
5271	6
5271	5270
5274	5
5274	10
5274	80
5274	1352
5274	5263
5274	5275
5280	5279
5284	4
5284	5
5284	80
5284	5285
5293	30
5293	535
5299	15
5299	11132
5301	21
5301	5302
5302	15
5302	11131
5332	14
5332	27
5332	601
5335	9
5335	13
5335	20
5335	5336
5335	5691
5337	10
5337	4644
5338	10
5338	5596
5345	8
5345	231
5345	279
5345	665
5345	5378
5356	1
5356	127
5356	909
5356	4805
5359	1
5359	6711
5378	9
5378	111
5378	118
5378	5345
5379	11
5379	26
5381	68
5381	1169
5382	85
5382	117
5382	231
5382	279
5382	13378
5396	9
5396	243
5399	124
5399	794
5400	124
5400	159
5401	116
5401	124
5401	1582
5402	31
5402	124
5403	221
5403	5394
5404	124
5404	5402
5413	282
5413	5414
5414	5430
5416	1
5416	6
5416	5417
5416	5423
5427	11
5427	13
5427	13309
5437	5439
5444	4
5444	5445
5445	4
5445	80
5445	4554
5448	4
5448	5449
5450	4
5450	5467
5451	5
5451	80
5451	5455
5452	1
5452	4
5452	5
5452	6
5452	80
5452	5444
5452	5451
5453	5
5453	80
5453	5457
5454	1
5454	4
5454	5
5454	6
5454	80
5454	5446
5454	5453
5455	1
5455	6
5455	5457
5457	5458
5461	10
5461	5449
5461	5462
5469	6
5469	5470
5470	4
5470	80
5470	5469
5472	4
5472	5
5472	80
5472	5471
5473	30
5473	1780
5474	4
5474	5
5474	80
5474	5473
5475	30
5475	2140
5476	4
5476	5
5476	80
5476	5475
5476	5478
5477	30
5477	5490
5478	4
5478	5
5478	80
5478	5477
5479	30
5479	410
5480	4
5480	5
5480	80
5480	5479
5485	4
5485	5
5485	80
5485	3205
5487	1
5487	6
5487	5489
5488	1
5488	3
5488	6
5488	139
5488	735
5488	5487
5497	1
5497	7
5497	28
5497	30
5497	735
5497	5498
5498	1
5498	28
5498	2140
5499	1
5499	6
5499	2373
5499	5138
5500	1
5500	6
5500	5499
5500	5501
5501	1695
5501	1953
5501	2373
5502	1
5502	6
5502	5501
5512	262
5512	672
5520	11
5520	430
5522	21
5522	5523
5535	6
5535	4076
5535	11482
5543	487
5544	21
5544	5545
5545	21
5545	5546
5552	47
5552	120
5552	6250
5560	20
5560	5535
5565	7
5565	3680
5576	4
5576	21
5576	5577
5576	5594
5577	4
5577	5
5577	80
5577	5580
5578	1
5578	5579
5580	21
5580	5584
5581	4
5581	5
5581	80
5581	5582
5583	4
5583	5
5583	80
5583	5584
5585	4
5585	628
5587	14
5587	27
5587	5581
5588	27
5588	218
5588	5583
5589	14
5589	27
5589	5583
5590	82
5590	1382
5590	2515
5634	4
5634	7
5634	80
5634	5635
5635	21
5635	5660
5635	5832
5636	14
5636	27
5636	5637
5638	1
5638	14
5638	27
5638	5639
5638	5651
5641	6
5641	5656
5648	58
5648	5651
5653	58
5653	108
5665	4
5665	99
5668	1
5668	2
5668	10
5668	894
5668	1013
5673	55
5673	5681
5674	55
5674	5676
5686	8
5686	5696
5688	28
5688	41
5688	1528
5689	12
5689	5695
5691	5692
5691	5694
5692	212
5692	5698
5693	5692
5693	5694
5694	5693
5694	11433
5697	13
5697	5686
5698	1
5698	5699
5699	14
5699	109
5699	5688
5713	293
5713	5712
5726	5729
5745	5
5745	11
5745	80
5745	229
5745	4246
5745	5746
5747	1
5747	5
5747	5746
5747	5748
5749	5
5749	11
5749	229
5749	5748
5749	5750
5752	5
5752	11
5752	229
5752	5751
5752	5753
5755	5
5755	11
5755	229
5755	5754
5755	5756
5757	1
5757	5
5757	5756
5757	5758
5761	5
5761	11
5761	229
5761	5760
5761	5762
5764	5
5764	229
5764	249
5764	5763
5766	11
5766	5768
5776	3167
5776	6453
5787	191
5787	5791
5796	124
5796	5796
5800	1
5800	6
5800	5801
5801	21
5801	5802
5802	1
5802	5803
5803	21
5803	5804
5804	1
5804	6
5804	5805
5812	1
5812	6
5812	5813
5813	21
5813	5814
5814	1
5814	6
5814	5815
5818	21
5818	828
5818	6245
5820	5821
5823	4
5823	957
5827	4
5827	5828
5839	31
5839	5838
5841	253
5841	442
5852	1
5852	3
5852	544
5852	6207
5860	35
5860	5861
5889	8
5889	9
5889	5890
5893	8
5893	9
5893	5894
5898	8
5898	9
5898	5899
5921	20
5921	6250
5922	58
5922	5923
5923	6148
5928	8
5928	9
5928	5929
5931	25
5931	42
5932	4
5932	80
5932	5931
5933	6
5933	327
5933	533
5936	4
5936	80
5936	2946
5947	1
5947	4
5947	25
5947	5938
5947	5946
5959	80
5959	696
5966	1
5966	127
5966	4742
5966	14781
5966	14813
5973	162
5973	1233
5981	9
5981	4637
5983	20
5983	100
5984	4
5984	80
5984	109
5985	4
5985	804
5993	20
5993	24
5998	1
5998	3069
5999	4
5999	80
5999	546
6001	4
6001	80
6001	6002
6002	4
6002	11
6002	80
6002	100
6002	2170
6010	22
6010	5125
6016	181
6016	259
6016	6016
6023	1
6023	6023
6024	55
6024	6025
6026	6251
6026	6253
6037	1582
6037	3692
6055	25
6055	6054
6059	14
6059	11824
6099	1
6099	3
6099	6
6099	1328
6099	7271
6099	11409
6103	5
6103	80
6103	6102
6104	13
6104	20
6104	14143
6124	9
6124	319
6124	346
6124	517
6125	59
6125	2686
6126	54
6126	1582
6126	2686
6126	6127
6133	15
6133	6134
6134	15
6134	6141
6135	15
6135	55
6135	1132
6135	1290
6135	4884
6135	6136
6136	55
6136	124
6136	4911
6136	6135
6138	55
6138	6139
6140	1
6140	55
6140	270
6140	6139
6140	6141
6141	55
6141	6140
6143	4546
6143	6147
6145	4
6145	6144
6197	8
6197	20
6198	75
6198	105
6205	1
6205	5
6205	6
6205	80
6205	3012
6205	14784
6206	9
6206	180
6235	1371
6235	2734
6241	1
6241	74
6241	4257
6249	20
6249	6250
6250	8
6250	9
6250	4419
6251	6025
6251	6252
6376	33
6376	6377
6409	6
6409	21
6409	6410
6452	3167
6452	6453
6459	13
6459	5674
6486	1
6486	6487
6505	9
6505	13
6505	6506
6526	1
6526	6
6526	7344
6548	4
6548	24
6548	80
6548	1380
6578	3
6578	6579
6580	6581
6599	4
6599	6600
6600	3
6600	698
6600	1328
6600	7102
6604	283
6604	870
6604	6606
6604	6607
6606	870
6606	6608
6637	28
6637	6638
6649	4
6649	5
6649	80
6649	6650
6650	6651
6670	13
6670	20
6670	6671
6674	6675
6676	2222
6676	11481
6677	1
6677	3
6677	6678
6697	21
6697	7294
6715	24
6715	527
6728	80
6728	7123
6749	4
6749	80
6749	9821
6754	4
6754	6755
6756	1
6756	3
6756	6757
6790	1
6790	6
6790	1327
6790	11148
6790	14866
6790	14868
6893	111
6893	222
6899	1
6899	3
6899	4
6899	80
6899	7490
6899	11150
7083	1
7083	3
7083	6
7083	1352
7083	2083
7083	7084
7086	1
7086	3
7086	5852
7088	48
7088	2124
7093	4
7093	80
7093	7094
7094	7095
7096	1
7096	3
7096	7097
7097	1327
7097	6329
7098	3
7098	698
7098	1328
7098	7097
7101	3
7101	698
7101	1328
7101	6600
7103	1
7103	472
7112	80
7112	5359
7112	7113
7114	13
7114	20
7114	7118
7118	24
7118	512
7208	1
7208	3
7208	7216
7212	1
7212	3
7212	7213
7281	986
7281	7282
7295	21
7295	7308
7490	1
7490	6
7490	15
7490	11150
7490	14869
7535	1
7535	6
7535	14849
7535	14850
7535	14851
7715	1
7715	6711
7717	7718
7724	7725
7733	7734
7836	8
7836	11472
7838	13
7838	6397
8060	3
8060	8061
8061	8062
8604	8639
8604	12095
8639	12096
9812	4
9812	80
9812	9813
9813	1063
9819	4
9819	80
9819	9820
9820	91
9820	512
9822	13
9822	20
9822	9823
9824	30
9824	9825
9825	6714
9880	1
9880	3
9880	28
9880	2759
9880	11938
9880	11941
10700	1
10700	6
10700	13636
10905	5659
10905	5831
11036	1
11036	6
11036	14839
11036	14840
11088	1
11088	6
11088	13645
11088	14870
11088	14874
11356	13
11356	5859
11405	1
11405	8
11405	9
11405	13
11405	20
11405	11407
11419	11421
11422	1
11422	3
11422	4
11422	7
11422	80
11422	4468
11422	11429
11422	11431
11422	11432
11432	5693
11432	11433
11439	58
11439	11440
11457	1
11457	3
11457	4044
11472	9
11472	7838
11479	9
11479	215
11482	20
11482	5535
11509	1
11509	4
11509	6
11509	4840
11519	58
11519	571
11524	9
11524	11525
11526	9
11526	1204
11541	21
11541	84
11541	11542
11547	162
11547	11548
11555	8
11555	1284
11588	4
11588	80
11588	4044
11713	1
11713	6
11713	3012
11863	11866
11866	11867
11871	1699
11924	1
11924	8
11924	9
11924	13
11924	20
11924	11929
11934	30
11934	11935
11937	6
11937	1328
11937	11405
11938	1
11938	30
11938	11939
11941	80
11941	9884
11943	9
11943	20
11943	11945
11944	9
11944	20
11944	11946
11945	11947
11946	11947
11947	4
11947	80
11947	11948
11948	100
11948	11949
11949	10
11949	11950
12095	12096
12126	1
12126	28
12126	162
12126	195
12126	836
12145	162
12145	12144
12214	5382
12214	12215
12371	6801
12448	132
12448	10858
12449	20
12449	12450
12621	1
12621	3
12621	12623
12622	4
12622	80
12622	12623
12989	33
12989	47
13309	21
13309	2059
13378	68
13378	231
13624	1
13624	3
13624	13629
13624	13631
13629	1
13629	13632
13631	1
13631	3
13631	13634
13636	33
13636	530
13637	1
13637	6
13637	13638
13638	4
13638	80
13638	10700
14039	1
14039	6
14039	14857
14039	14858
14039	14859
14040	1
14040	6
14040	14800
14040	14802
14082	1
14082	3
14082	14089
14089	4
14089	80
14089	14090
14092	14093
14098	1
14098	3
14098	2909
14116	80
14116	14117
14118	80
14118	14119
14119	91
14119	14120
14143	1352
14143	14144
14144	14145
14145	4
14145	80
14145	2232
14147	14
14147	14148
14148	14
14148	14149
14149	6554
14149	14150
14180	4
14180	80
14180	1031
14453	1
14453	6
14453	14845
14556	1
14556	6
14556	14854
14768	14772
14769	14773
14770	14774
14771	14775
14781	14782
14786	6205
14786	14791
14787	6205
14787	14792
14787	14793
14800	14801
14800	14805
14800	14806
14802	14803
14802	14804
14813	14814
14818	1
14818	32
14818	80
14818	14819
14830	6
14830	325
14839	14844
14839	14847
14840	14842
14840	14848
14850	14852
14852	1
14852	6
14852	14853
14852	14856
14857	1327
14857	14865
14858	14861
14859	1327
14859	14864
14865	1327
14865	14863
14870	13645
14870	14871
