1	1
1	4
1	5
1	7
1	8
1	9
1	10
1	11
1	13
1	14
1	15
1	21
1	22
1	25
1	31
1	33
1	35
1	42
1	47
1	58
1	63
1	65
1	66
1	75
1	80
1	84
1	101
1	105
1	106
1	112
1	167
1	178
1	181
1	221
1	234
1	252
1	259
1	267
1	293
1	330
1	342
1	344
1	365
1	460
1	536
1	571
1	645
1	666
1	760
1	864
1	870
1	890
1	1024
1	1228
1	1335
1	1678
1	3058
1	3453
1	3523
1	3589
1	3684
1	3723
1	4462
1	4677
1	4824
1	4895
1	5116
1	5255
1	5411
1	5412
1	5448
1	5569
1	5601
1	5712
1	5817
1	5838
1	5922
1	5923
1	5925
1	6000
1	6016
1	6022
1	6148
1	6201
1	6714
1	7838
1	9812
1	9819
1	9824
1	11440
1	11542
1	11824
1	11934
1	11947
1	14087
1	14096
1	14108
1	14118
1	14145
2	2
2	6
2	8
2	9
2	10
2	13
2	15
2	20
2	25
2	35
2	44
2	46
2	63
2	64
2	74
2	75
2	81
2	91
2	112
2	131
2	173
2	201
2	206
2	227
2	234
2	252
2	286
2	361
2	363
2	415
2	445
2	458
2	459
2	460
2	531
2	683
2	692
2	705
2	886
2	993
2	1212
2	1345
2	1346
2	1931
2	2047
2	2163
2	2412
2	2430
2	2553
2	2554
2	2702
2	2839
2	2876
2	2984
2	2987
2	2988
2	2992
2	3082
2	3125
2	3127
2	3511
2	3512
2	3541
2	4133
2	4681
2	4702
2	4823
2	4846
2	4877
2	4882
2	4919
2	5336
2	5820
2	5890
2	5894
2	5899
2	5928
2	5929
2	6112
2	6113
2	9332
3	4
3	6
3	8
3	11
3	20
3	22
3	24
3	36
3	42
3	80
3	111
3	167
3	248
3	264
3	332
3	399
3	415
3	455
3	504
3	527
3	693
3	2051
3	2232
3	3340
3	3344
3	4246
3	4631
3	5259
3	5261
3	5263
3	5265
3	5267
3	5269
3	5748
3	5751
3	5754
3	5758
3	5760
3	5763
3	6002
3	9820
4	1
4	3
4	544
4	698
4	1104
4	1328
4	2759
4	2909
4	3758
4	4044
4	5298
4	5301
4	5852
4	6600
4	6678
4	6757
4	7097
4	7102
4	7213
4	7216
4	7271
4	11429
4	11431
4	11432
4	12623
4	13629
4	13631
4	13634
4	14089
5	1
5	4
5	6
5	11
5	80
5	650
5	1328
5	1352
5	2083
5	5141
5	5290
5	5294
5	5298
5	5300
5	5301
5	5417
5	5418
5	5419
5	5423
5	5457
5	5585
5	5619
5	5657
5	5801
5	5805
5	5813
5	5815
5	11405
5	12204
5	12205
5	13636
5	13638
6	5
6	7
6	11
6	22
6	24
6	26
6	42
6	80
6	111
6	264
6	332
6	343
6	415
6	445
6	504
6	685
6	688
6	870
6	3082
6	3340
6	4631
6	5344
6	5379
6	5744
6	5746
6	5750
6	5753
6	5756
6	5759
6	5762
7	1
7	3
7	6
7	11
7	80
7	125
7	544
7	650
7	698
7	1079
7	1104
7	1163
7	1328
7	1352
7	2083
7	2759
7	2909
7	3671
7	3758
7	4044
7	5141
7	5290
7	5294
7	5298
7	5300
7	5301
7	5417
7	5418
7	5419
7	5457
7	5585
7	5619
7	5657
7	5801
7	5803
7	5805
7	5813
7	5815
7	5852
7	6600
7	6678
7	6757
7	7097
7	7102
7	7213
7	7216
7	7271
7	11405
7	11429
7	11431
7	11432
7	12204
7	12205
7	12623
7	13629
7	13631
7	13634
7	13636
7	13638
7	14089
8	2
8	8
9	1
9	5
9	8
9	10
9	13
9	15
9	20
9	35
9	46
9	74
9	80
9	112
9	227
9	1112
9	2876
9	3082
9	5925
10	1
10	4
10	5
10	8
10	9
10	11
10	24
10	36
10	40
10	54
10	80
10	91
10	100
10	229
10	512
10	527
10	531
10	681
10	3112
10	11949
10	14120
11	22
11	68
11	3981
11	5516
11	5604
11	5935
11	6640
12	6250
13	9
14	1
14	8
14	9
14	63
14	64
14	1596
14	5890
14	5894
14	5899
15	1
15	8
15	75
15	1170
16	1
16	6
16	122
16	1352
16	2083
17	1
17	5546
19	11
19	21
19	73
19	84
19	399
19	828
19	1079
19	1152
19	2059
19	4157
19	4728
19	5198
19	5302
19	5802
19	5804
19	5812
19	5814
19	6199
19	6245
19	11542
20	8
22	1
22	4
22	5
22	11
22	13
22	20
22	24
22	74
22	1136
22	3340
22	3981
22	6203
24	10
24	227
24	332
24	1136
24	2727
24	3341
24	3508
24	3939
24	4341
24	5135
24	5269
24	6442
25	8
25	9
25	13
25	20
25	64
25	415
25	2987
25	3541
25	5928
25	5929
25	6112
25	9332
26	11
26	25
26	36
26	141
26	166
26	233
26	302
26	671
26	957
26	1169
26	1179
26	3465
26	5381
26	5527
26	5528
26	5946
28	30
28	122
29	4
29	15
29	80
29	167
29	6040
33	8
33	227
35	8
35	9
35	44
35	96
35	201
37	10
37	11
37	13
37	20
37	65
37	101
37	430
37	1259
37	2412
37	3508
37	5520
37	5596
37	5598
39	13
39	39
41	8
41	9
41	10
41	13
41	20
41	133
41	886
41	1212
41	3341
42	8
42	9
42	30
42	91
42	122
42	1352
43	9
43	15
43	229
43	645
43	1170
43	4631
43	4738
43	5893
43	5898
44	1
44	9
44	13
44	35
44	46
44	58
44	4895
44	5922
46	8
46	13
46	15
46	35
46	46
46	112
47	10
47	13
47	20
47	1931
47	2727
49	8
49	9
49	13
49	20
49	25
49	36
49	2984
49	3082
49	4823
49	6113
51	1
51	1318
51	1327
51	2320
51	13645
51	14791
51	14792
51	14793
51	14803
51	14804
51	14805
51	14806
51	14847
51	14848
51	14856
51	14861
51	14863
51	14864
51	14865
51	14868
51	14871
51	14874
52	15
52	1290
52	6126
55	8
55	112
58	8
58	9
58	234
62	13
62	20
62	2163
63	13
63	14
63	46
63	75
63	269
63	4121
64	8
64	9
64	25
64	63
65	13
65	14
65	20
65	22
65	55
65	2553
65	2737
65	5820
66	13
66	21
66	4157
66	4432
66	4728
68	11
68	5381
73	13
73	20
73	2430
74	9
74	4631
75	8
75	9
75	13
75	25
75	43
75	46
75	63
78	13
78	20
78	3512
79	13
79	20
79	25
79	166
79	3511
80	1
80	3
80	6
80	7
80	27
80	544
80	650
80	1104
80	1352
80	2083
80	2759
80	2909
80	3758
80	4044
80	5141
80	5290
80	5294
80	5298
80	5300
80	5301
80	5417
80	5457
80	5815
80	5852
80	6757
80	7097
80	7213
80	7216
80	11429
80	11431
80	11432
80	12204
80	12205
80	12623
80	13629
80	13631
80	13634
80	13636
80	13638
80	14089
82	13
82	20
82	25
82	1179
82	2839
83	10
83	1209
84	1
84	1548
88	5
88	7
88	870
91	10
91	11
91	42
91	264
91	332
91	430
91	1169
91	4462
91	5520
93	4
93	5
93	55
93	80
93	111
93	3892
96	35
96	2492
96	4615
97	13
97	20
97	302
97	957
97	3125
100	8
100	9
100	10
100	683
100	2876
101	4
101	5
101	8
101	9
101	80
101	234
101	415
101	504
101	9332
104	8
104	81
105	8
105	15
106	1
106	1168
112	8
112	63
117	1
117	199
117	1168
120	13
120	20
120	4681
123	13
123	20
123	25
123	233
123	2047
125	126
125	399
126	1
126	125
128	55
128	6138
128	6139
129	13
129	235
129	4432
129	4574
129	5859
129	11356
131	13
131	39
133	8
133	9
133	993
135	13
135	20
135	21
135	1152
135	2988
136	10
136	5269
141	11
141	4424
143	5
143	16
143	65
143	101
143	364
143	445
144	8
144	35
148	13
148	20
148	2702
149	1
149	4
149	5
149	11
149	22
149	36
149	80
149	122
156	13
156	5809
156	13425
158	1
158	24
158	36
158	311
158	417
163	8
163	2876
164	42
164	332
173	4
173	11
173	229
173	350
173	685
173	693
173	4766
177	1755
177	5330
177	5717
183	13
183	20
183	25
183	141
183	2554
185	221
187	1
187	6
187	5418
187	5419
188	13
188	14
188	20
188	109
188	2992
195	55
195	5681
195	6062
201	13
201	46
206	8
206	131
206	342
217	8
217	9
217	692
222	11
222	84
229	10
229	13
229	20
229	173
229	1209
229	3939
229	4688
229	6022
229	6025
229	6251
229	6252
229	6253
230	1163
232	4
232	5
232	42
232	80
234	8
234	9
234	101
234	3294
234	5928
239	8
239	705
248	11
248	68
248	1136
248	1169
248	4424
248	6157
252	8
252	9
252	252
269	55
269	2737
269	3892
269	5980
275	636
280	1
280	6
280	5290
281	7836
286	13
286	39
286	330
286	536
288	8
288	9
288	683
311	1
311	5
311	11
311	26
311	80
311	417
311	5379
322	4
322	11
322	80
322	527
322	6157
329	1
329	6023
342	5
342	80
342	343
343	8
343	15
343	35
343	112
343	342
343	3723
344	55
344	5980
348	105
348	4851
348	5888
348	5897
360	8
360	206
361	8
361	35
361	286
361	342
362	8
362	361
363	8
363	459
364	8
364	363
365	8
365	16
365	101
365	364
365	1346
380	14
380	106
388	10
388	5135
390	4
390	80
390	126
390	399
407	13
407	20
407	25
407	671
407	3127
407	3465
415	4
415	5
415	80
415	504
416	13
416	40
416	269
416	681
430	1
430	931
441	1
441	5
441	80
441	3082
441	3340
445	80
445	234
448	13
448	11356
458	13
458	14
458	39
458	460
459	13
459	39
460	13
460	365
468	1
468	3
468	6
468	5298
468	5300
472	5
472	7
472	870
483	1
483	3
483	3758
490	8
490	9
490	531
506	302
506	5528
527	10
527	6157
535	1
535	6
535	5294
544	1
544	6
544	11
544	80
544	5585
565	1
565	3
565	1104
570	55
570	6062
579	4
579	10
579	248
579	1136
579	1169
579	4424
579	5118
579	5119
579	6157
582	10
582	5598
590	1
590	6
590	12205
605	10
605	416
606	302
606	5527
624	8
624	4133
630	10
630	4424
632	5831
636	9
636	96
638	13
638	20
638	173
640	1
640	4
640	264
640	658
645	1
645	1170
666	680
677	13
677	39
680	8
680	9
680	4877
681	10
681	416
692	8
692	9
692	4877
704	7
704	27
705	8
705	112
705	342
705	458
729	12452
760	221
760	760
780	5659
787	13
787	20
787	2839
811	11
811	5627
831	864
831	1678
877	5116
882	8
882	10
890	9
890	890
916	24
916	3112
921	8
921	9
921	415
931	14
931	1024
951	1
951	3
951	6
951	5141
951	5301
993	8
993	9
993	4702
993	4846
993	4882
1033	10
1033	5118
1050	4
1050	5
1050	8
1050	9
1050	80
1050	1212
1050	4631
1051	11
1051	3263
1086	1
1086	5
1086	264
1086	1122
1101	3291
1144	1
1144	4
1144	332
1144	877
1149	1259
1179	11
1179	3765
1187	13
1187	4121
1190	15
1190	1290
1197	11
1197	6224
1209	11
1209	229
1209	685
1209	5744
1209	5746
1209	5750
1209	5753
1209	5756
1209	5759
1209	5762
1212	8
1212	9
1212	692
1230	13
1230	13425
1271	5
1271	685
1322	1318
1322	2320
1344	8
1344	1345
1346	8
1346	15
1346	342
1346	460
1352	16
1352	101
1352	364
1384	1
1384	1596
1424	1
1424	3671
1449	242
1449	1978
1494	1
1494	6
1494	5619
1635	13
1635	20
1635	886
1636	13
1636	20
1636	2163
1637	13
1637	20
1637	6113
1638	13
1638	20
1638	2984
1639	13
1639	20
1639	3125
1640	13
1640	20
1640	6112
1641	13
1641	20
1641	2987
1642	13
1642	20
1642	2412
1643	13
1643	20
1643	2988
1644	13
1644	20
1644	3127
1645	13
1645	20
1645	2047
1646	13
1646	20
1646	1931
1647	13
1647	20
1647	2430
1647	5336
1648	13
1648	20
1648	3511
1649	13
1649	20
1649	2702
1650	13
1650	20
1650	2553
1651	13
1651	20
1651	2992
1652	13
1652	20
1652	3512
1653	13
1653	20
1653	2554
1656	42
1656	264
1693	11
1693	5578
1798	267
1798	1335
1817	1755
1817	5330
1817	5717
1977	242
1977	1978
2043	1
2043	6
2043	5657
2066	12453
2094	6098
2191	32
2191	80
2220	14
2220	3453
2376	14
2376	178
2411	3058
2430	101
2430	3294
2442	21
2442	6199
2470	5830
2492	35
2492	2492
2647	5935
2666	1
2666	6
2666	12204
2686	15
2686	6126
2730	5817
2737	11
2737	350
2743	3800
2743	11475
2798	11
2798	3167
2939	10
2939	5119
2972	4
2972	80
2972	2051
3063	5601
3063	6201
3227	11
3227	5636
3263	1
3263	11
3263	73
3263	1079
3263	5198
3283	10
3283	6442
3319	5
3319	688
3453	11
3453	3589
3460	6000
3479	8
3479	9
3479	445
3541	8
3541	9
3541	3541
3561	5
3561	332
3561	6143
3657	11
3657	13
3657	5818
3657	13309
3688	54
3688	229
3793	1
3793	5546
3798	3633
3803	10
3803	4341
3862	110
3862	5869
3880	66
3880	3523
3892	9
3892	344
3939	11
3939	229
3939	5744
3972	4
3972	5
3972	10
3972	80
3972	3340
3972	4462
4046	15
4046	6040
4115	1
4115	4324
4121	55
4121	6024
4121	6025
4146	11
4146	13
4146	5809
4146	5818
4184	1
4184	5854
4232	342
4232	3723
4250	3800
4250	11475
4256	13
4256	43
4353	1
4353	6
4353	650
4405	1
4405	4
4405	3344
4405	3345
4421	42
4421	666
4478	1
4478	74
4478	1112
4494	9
4494	1228
4501	13
4501	43
4537	35
4537	4615
4575	11
4575	5411
4575	5412
4612	229
4612	4766
4618	5
4618	5744
4619	5
4619	5753
4620	5
4620	5750
4633	5
4633	5762
4652	15
4652	105
4652	4688
4652	4824
4652	4932
4652	6022
4688	5
4688	229
4688	4738
4688	5759
4700	8
4700	9
4700	4846
4702	105
4702	4851
4735	13
4735	20
4735	4681
4738	33
4738	6022
4751	8
4751	9
4751	4823
4824	15
4824	4932
4846	105
4846	5888
4851	15
4851	5893
4874	1
4874	5925
4877	8
4877	9
4877	4882
4882	105
4882	5897
4895	13
4895	536
4895	3684
4895	5925
4895	6148
4916	4677
4916	5569
4919	55
4919	6024
4927	55
4927	6138
4932	8
4932	4919
5125	22
5125	68
5125	1136
5167	14
5167	161
5200	11
5200	5800
5223	4
5223	11
5223	229
5223	5758
5223	5759
5239	5516
5254	9
5254	5255
5258	1
5258	4
5258	5259
5258	5272
5260	1
5260	4
5260	5261
5260	5273
5262	1
5262	4
5262	3221
5262	5263
5264	1
5264	4
5264	5265
5264	5275
5266	1
5266	4
5266	5267
5266	5276
5268	1
5268	4
5268	5269
5268	5271
5301	21
5301	5302
5335	13
5335	20
5335	5336
5338	10
5338	5596
5379	11
5379	26
5381	68
5381	1169
5386	5
5386	5344
5416	1
5416	6
5416	5417
5416	5423
5427	11
5427	13
5427	13309
5447	5448
5450	1
5450	5460
5455	1
5455	6
5455	5457
5520	11
5520	430
5552	6250
5565	7
5565	3680
5578	5604
5600	5601
5600	6201
5668	1
5668	894
5673	55
5673	5681
5691	5692
5691	5694
5693	5692
5693	5694
5694	5693
5694	11433
5713	293
5713	5712
5745	4
5745	11
5745	229
5745	4246
5745	5746
5747	5
5747	5746
5749	4
5749	11
5749	229
5749	5748
5749	5750
5752	4
5752	11
5752	229
5752	5751
5752	5753
5755	4
5755	11
5755	229
5755	5754
5755	5756
5757	5
5757	5756
5761	4
5761	11
5761	229
5761	5760
5761	5762
5764	4
5764	5763
5766	11
5766	5768
5776	3167
5776	6453
5800	1
5800	6
5800	5801
5801	21
5801	5802
5802	1
5802	5803
5803	21
5803	5804
5804	1
5804	6
5804	5805
5809	11
5809	5810
5811	21
5811	5812
5812	1
5812	6
5812	5813
5813	21
5813	5814
5814	1
5814	6
5814	5815
5815	21
5815	399
5818	21
5818	828
5818	6245
5839	31
5839	5838
5852	1
5852	3
5852	544
5852	6207
5868	110
5868	5869
5889	8
5889	9
5889	5890
5892	8
5892	9
5892	4702
5893	8
5893	9
5893	5894
5897	15
5897	5898
5898	8
5898	9
5898	5899
5921	20
5921	6250
5922	58
5922	5923
5923	6148
5928	8
5928	9
5928	5929
5931	25
5931	42
5947	25
5947	5946
5973	229
5973	350
5998	1
5998	3069
6001	4
6001	80
6001	6002
6016	181
6016	259
6016	6016
6019	85
6023	1
6023	6023
6024	55
6024	6025
6026	6251
6026	6253
6056	11
6056	6057
6059	14
6059	11824
6099	3
6099	1328
6099	7271
6140	55
6140	6139
6202	6203
6249	20
6249	6250
6251	6025
6251	6252
6442	1
6442	6231
6452	3167
6452	6453
6581	11
6581	6582
6600	3
6600	698
6600	1328
6600	7102
6641	6640
6677	1
6677	3
6677	6678
6715	24
6715	527
6723	6714
6749	9824
6756	1
6756	3
6756	6757
6790	1327
6790	14868
7083	1
7083	6
7083	1352
7083	2083
7086	1
7086	3
7086	5852
7096	1
7096	3
7096	7097
7098	3
7098	698
7098	1328
7098	7097
7101	3
7101	698
7101	1328
7101	6600
7118	24
7118	512
7208	1
7208	3
7208	7216
7212	1
7212	3
7212	7213
8604	8639
8604	12095
8639	12096
9811	9812
9818	9819
9819	4
9819	80
9819	9820
9820	91
9820	512
9880	1
9880	3
9880	2759
10700	1
10700	6
10700	13636
10905	5659
10905	5831
11088	13645
11088	14874
11356	13
11356	4574
11356	5859
11422	1
11422	3
11422	11429
11422	11431
11422	11432
11432	5693
11432	11433
11439	58
11439	11440
11457	1
11457	3
11457	4044
11472	9
11472	7838
11519	58
11519	571
11541	21
11541	84
11541	11542
11929	11934
11937	6
11937	1328
11937	11405
11945	11947
11946	11947
11948	100
11948	11949
12095	12096
12371	6801
12621	1
12621	3
12621	12623
12989	33
12989	47
13309	21
13309	2059
13624	1
13624	3
13624	13629
13624	13631
13631	1
13631	3
13631	13634
13637	1
13637	6
13637	13638
14082	1
14082	3
14082	14089
14086	22
14086	14087
14095	22
14095	14096
14097	11
14097	805
14098	1
14098	3
14098	2909
14107	22
14107	14108
14117	14118
14119	91
14119	14120
14144	14145
14145	4
14145	80
14145	2232
14786	14791
14787	14792
14787	14793
14800	14805
14800	14806
14802	14803
14802	14804
14818	32
14818	80
14839	14847
14840	14848
14852	1
14852	14856
14857	1327
14857	14865
14858	14861
14859	1327
14859	14864
14865	1327
14865	14863
14870	13645
14870	14871
