1	1
1	3
1	4
1	5
1	6
1	7
1	8
1	9
1	10
1	12
1	13
1	14
1	15
1	17
1	18
1	20
1	21
1	22
1	25
1	27
1	30
1	31
1	33
1	35
1	36
1	41
1	42
1	47
1	51
1	58
1	60
1	63
1	65
1	66
1	69
1	74
1	75
1	77
1	80
1	84
1	85
1	86
1	94
1	101
1	105
1	109
1	112
1	116
1	124
1	135
1	137
1	140
1	144
1	148
1	152
1	155
1	160
1	161
1	162
1	165
1	166
1	167
1	169
1	181
1	184
1	188
1	212
1	221
1	226
1	234
1	243
1	250
1	252
1	255
1	256
1	257
1	259
1	267
1	285
1	293
1	302
1	342
1	345
1	348
1	352
1	365
1	438
1	460
1	462
1	536
1	545
1	571
1	585
1	641
1	655
1	666
1	760
1	800
1	860
1	864
1	870
1	890
1	962
1	966
1	1019
1	1024
1	1063
1	1132
1	1187
1	1190
1	1228
1	1268
1	1290
1	1304
1	1327
1	1335
1	1419
1	1582
1	1678
1	1885
1	2112
1	2741
1	2929
1	3058
1	3341
1	3453
1	3523
1	3684
1	3723
1	3895
1	4376
1	4462
1	4575
1	4640
1	4677
1	4691
1	4730
1	4734
1	4824
1	4874
1	4884
1	4895
1	4896
1	5255
1	5394
1	5448
1	5569
1	5601
1	5684
1	5691
1	5698
1	5712
1	5729
1	5796
1	5817
1	5838
1	5887
1	5922
1	5923
1	5925
1	5951
1	6016
1	6022
1	6056
1	6101
1	6135
1	6148
1	6201
1	6377
1	6598
1	6599
1	6611
1	6612
1	6714
1	6753
1	7838
1	9812
1	9819
1	9824
1	11440
1	11542
1	11934
1	11950
1	14087
1	14096
1	14108
1	14118
2	2
2	3
2	6
2	8
2	9
2	10
2	13
2	15
2	16
2	20
2	24
2	25
2	35
2	40
2	44
2	46
2	51
2	53
2	61
2	63
2	64
2	68
2	74
2	75
2	81
2	83
2	85
2	91
2	92
2	93
2	112
2	117
2	119
2	131
2	144
2	152
2	154
2	169
2	201
2	206
2	224
2	234
2	236
2	252
2	286
2	354
2	361
2	363
2	404
2	415
2	416
2	447
2	458
2	459
2	460
2	531
2	536
2	668
2	669
2	692
2	705
2	857
2	864
2	882
2	886
2	993
2	1102
2	1172
2	1212
2	1345
2	1346
2	1909
2	1931
2	2047
2	2163
2	2282
2	2412
2	2430
2	2553
2	2554
2	2702
2	2839
2	2984
2	2987
2	2988
2	2992
2	3082
2	3125
2	3127
2	3175
2	3287
2	3373
2	3402
2	3406
2	3511
2	3512
2	3541
2	3785
2	3838
2	4030
2	4133
2	4352
2	4419
2	4494
2	4556
2	4640
2	4681
2	4702
2	4734
2	4752
2	4807
2	4823
2	4846
2	4877
2	4882
2	4919
2	5336
2	5345
2	5378
2	5686
2	5691
2	5696
2	5820
2	5890
2	5894
2	5899
2	5928
2	5929
2	5983
2	5993
2	6112
2	6113
2	9332
2	11436
3	4
3	6
3	8
3	11
3	14
3	20
3	22
3	24
3	26
3	36
3	71
3	80
3	84
3	111
3	135
3	143
3	167
3	236
3	248
3	399
3	415
3	441
3	455
3	504
3	527
3	577
3	655
3	709
3	1179
3	1929
3	2051
3	3232
3	3340
3	3912
3	4236
3	4281
3	4631
3	5445
3	5577
3	5778
3	7335
3	11638
3	14090
3	14099
4	1
4	3
4	80
4	244
4	544
4	698
4	1104
4	1328
4	2759
4	2909
4	3758
4	4044
4	5298
4	5301
4	5852
4	6600
4	6678
4	6757
4	7097
4	7102
4	7213
4	7216
4	7271
4	7490
4	11429
4	11431
4	11432
4	12623
4	13629
4	13631
4	13634
4	14089
5	1
5	6
5	80
5	129
5	244
5	650
5	1328
5	1352
5	1641
5	2083
5	3741
5	4039
5	5141
5	5290
5	5294
5	5298
5	5300
5	5301
5	5417
5	5418
5	5419
5	5423
5	5457
5	5619
5	5657
5	5684
5	5801
5	5805
5	5813
5	5815
5	11405
5	12204
5	12205
5	13636
5	13638
6	5
6	7
6	11
6	14
6	22
6	24
6	26
6	64
6	71
6	80
6	84
6	94
6	111
6	139
6	143
6	236
6	264
6	332
6	343
6	415
6	441
6	445
6	504
6	577
6	685
6	688
6	783
6	870
6	1236
6	1268
6	2637
6	2652
6	3082
6	3287
6	3340
6	3341
6	3912
6	4133
6	4181
6	4281
6	4631
6	5344
6	5379
6	5744
6	5746
6	5750
6	5753
6	5756
6	5759
6	5762
6	5765
6	6010
6	6102
6	11437
6	14463
7	1
7	3
7	6
7	11
7	14
7	18
7	27
7	28
7	36
7	48
7	80
7	88
7	195
7	244
7	250
7	285
7	295
7	425
7	544
7	650
7	698
7	1079
7	1104
7	1328
7	1352
7	2083
7	2124
7	2759
7	2814
7	2909
7	3758
7	4044
7	5141
7	5290
7	5294
7	5298
7	5300
7	5301
7	5417
7	5418
7	5419
7	5422
7	5457
7	5619
7	5640
7	5657
7	5801
7	5803
7	5805
7	5813
7	5815
7	5840
7	5852
7	6600
7	6635
7	6678
7	6711
7	6757
7	7097
7	7102
7	7213
7	7216
7	7271
7	11405
7	11429
7	11431
7	11432
7	11941
7	12204
7	12205
7	12623
7	13629
7	13631
7	13634
7	13636
7	13638
7	14089
8	2
8	8
8	1284
8	1801
8	5841
9	1
9	2
9	4
9	5
9	8
9	15
9	35
9	46
9	73
9	74
9	80
9	112
9	117
9	147
9	236
9	1112
9	3082
9	3287
9	4133
9	4188
9	4454
9	5765
9	5925
10	1
10	4
10	5
10	8
10	9
10	11
10	13
10	20
10	24
10	36
10	40
10	80
10	91
10	100
10	141
10	154
10	512
10	527
10	531
10	3112
10	6255
10	11949
10	14120
11	8
11	9
11	22
11	68
11	119
11	1909
11	3722
12	12
12	148
12	6250
13	1
13	2
13	8
13	9
13	64
13	73
13	108
13	119
13	147
13	242
13	253
13	262
13	295
13	385
13	536
13	3722
14	1
14	8
14	9
14	22
14	63
14	64
14	108
14	1596
14	5890
14	5894
14	5899
15	1
15	8
15	75
15	1170
16	1
16	6
16	36
16	111
16	122
16	1352
16	2083
17	1
17	66
17	613
17	2429
17	5546
19	1
19	2
19	11
19	21
19	73
19	84
19	399
19	828
19	1037
19	1137
19	1152
19	2059
19	2463
19	3391
19	4157
19	4160
19	4311
19	4425
19	4728
19	5302
19	5778
19	5802
19	5804
19	5812
19	5814
19	6199
19	6245
19	11542
20	8
20	119
20	147
21	155
21	212
22	1
22	4
22	5
22	8
22	9
22	11
22	15
22	20
22	24
22	35
22	74
22	104
22	112
22	206
22	251
22	361
22	454
22	1136
22	3340
22	3589
22	6203
22	6762
22	11437
24	8
24	9
24	10
24	83
24	1077
24	1136
24	2727
24	3341
24	3939
24	4256
24	4341
24	5135
24	6250
24	6442
25	1
25	5
25	8
25	9
25	11
25	13
25	20
25	26
25	64
25	80
25	119
25	334
25	415
25	669
25	2987
25	3287
25	3541
25	5711
25	5928
25	5929
25	6112
25	9332
26	11
26	25
26	36
26	141
26	166
26	233
26	302
26	671
26	957
26	972
26	1169
26	1179
26	1250
26	1267
26	3232
26	3465
26	5381
26	5527
26	5528
26	5946
26	6054
27	1
27	7
27	67
27	127
28	14
28	30
28	36
28	111
28	122
28	161
29	4
29	15
29	80
29	167
29	6040
30	1
30	28
30	41
30	195
30	1528
30	11938
31	8
31	92
33	13
33	20
33	24
33	5993
35	8
35	9
35	44
35	96
35	201
36	49
36	254
37	4
37	8
37	9
37	10
37	11
37	13
37	14
37	20
37	51
37	65
37	80
37	101
37	143
37	1242
37	1259
37	2412
37	3838
37	5596
37	5598
39	13
39	39
40	10
40	681
41	8
41	9
41	10
41	11
41	13
41	20
41	133
41	886
41	1092
41	1212
41	3341
42	8
42	9
42	30
42	91
42	97
42	122
42	1118
42	1352
43	9
43	15
43	229
43	4631
43	4738
43	5893
43	5898
44	1
44	9
44	13
44	20
44	35
44	46
44	58
44	74
44	1304
44	3794
44	4494
44	4895
44	5922
45	11
45	12
45	3363
46	8
46	13
46	15
46	35
46	46
46	112
47	10
47	13
47	20
47	1931
47	2727
49	8
49	9
49	11
49	13
49	14
49	20
49	25
49	27
49	35
49	36
49	99
49	152
49	438
49	2984
49	3082
49	3406
49	3794
49	4823
49	5840
49	6113
51	1
51	25
51	127
51	1318
51	1327
51	1419
51	2320
51	3740
51	4742
51	4805
51	13645
51	14791
51	14792
51	14793
51	14803
51	14804
51	14805
51	14806
51	14847
51	14848
51	14856
51	14861
51	14863
51	14864
51	14865
51	14868
51	14871
51	14874
52	15
52	1290
52	6126
53	54
53	80
53	94
53	343
55	8
55	112
58	8
58	9
58	234
58	4734
59	13
59	224
61	9
61	13
61	16
61	255
62	11
62	13
62	20
62	77
62	86
62	179
62	2163
63	9
63	13
63	14
63	46
63	55
63	74
63	75
63	112
63	269
63	354
63	447
63	3785
63	4121
63	4352
63	11435
64	3
64	8
64	9
64	13
64	20
64	22
64	25
64	63
64	108
64	144
64	152
64	169
64	352
64	2282
64	4640
65	1
65	13
65	14
65	20
65	22
65	55
65	78
65	97
65	542
65	661
65	2291
65	2553
65	2737
65	5699
65	5820
66	13
66	21
66	4157
66	4160
66	4432
66	4728
68	11
68	22
68	117
68	5125
68	5381
68	13378
72	1
72	80
72	425
72	1041
72	5422
73	13
73	20
73	2430
74	9
74	22
74	1269
74	4085
74	4631
74	4691
75	8
75	9
75	13
75	15
75	25
75	29
75	43
75	46
75	63
75	74
75	354
75	447
75	3785
77	9
77	327
78	13
78	20
78	3512
79	13
79	20
79	25
79	166
79	3511
80	1
80	3
80	6
80	7
80	27
80	33
80	88
80	94
80	97
80	129
80	343
80	544
80	650
80	1104
80	1352
80	1641
80	2083
80	2759
80	2814
80	2909
80	3741
80	3758
80	4039
80	4044
80	5141
80	5290
80	5294
80	5298
80	5300
80	5301
80	5417
80	5457
80	5778
80	5815
80	5852
80	6711
80	6757
80	7097
80	7213
80	7216
80	7490
80	11429
80	11431
80	11432
80	11941
80	12204
80	12205
80	12623
80	13629
80	13631
80	13634
80	13636
80	13638
80	14089
80	14818
81	74
81	104
81	354
81	447
81	3785
82	13
82	20
82	25
82	1179
82	2839
83	10
83	1209
84	1
84	1548
84	3589
85	8
85	15
85	25
85	104
85	112
85	231
85	279
85	352
85	354
87	120
88	5
88	7
88	870
91	10
91	1169
91	4462
92	5
92	80
92	85
92	1236
93	4
93	5
93	10
93	30
93	55
93	80
93	111
93	681
93	1352
93	3892
95	8
95	85
95	5345
96	1
96	35
96	1222
96	2492
96	4615
97	8
97	9
97	13
97	20
97	42
97	55
97	112
97	302
97	669
97	957
97	2291
97	3125
97	4352
99	13
99	20
99	864
101	4
101	5
101	8
101	9
101	11
101	14
101	80
101	143
101	234
101	415
101	504
101	2972
101	9332
103	13
103	29
103	842
104	8
104	81
105	8
105	15
106	1
106	1168
109	68
109	6006
111	9
111	184
112	8
112	63
116	4
116	5
116	8
116	80
116	93
116	577
117	1
117	20
117	119
117	199
117	1168
117	5382
117	12215
118	4
118	5
118	11
118	68
118	80
118	111
118	117
118	231
118	236
118	279
118	3506
118	11437
120	13
120	20
120	4681
121	8
121	117
123	13
123	20
123	25
123	233
123	2047
125	126
125	399
128	55
128	6138
128	6139
129	13
129	341
129	448
129	4432
129	4574
129	5859
129	11356
130	4
130	9
130	35
130	80
130	119
130	262
130	655
130	3794
130	4734
131	13
131	39
131	74
131	206
132	1
132	67
133	8
133	9
133	993
134	170
134	315
135	13
135	20
135	21
135	1152
135	2988
138	5
138	80
138	139
141	11
141	101
141	966
141	4424
143	5
143	16
143	65
143	101
143	364
143	415
143	440
143	445
143	966
144	8
144	35
144	119
144	242
146	1371
146	2734
148	4
148	5
148	13
148	20
148	80
148	2702
148	3912
149	1
149	4
149	5
149	11
149	22
149	30
149	36
149	80
149	122
149	1352
151	1419
151	3740
152	13
152	20
152	3402
155	1
155	73
155	542
155	2291
155	4144
156	13
156	251
156	5809
156	13425
158	1
158	24
158	36
158	311
158	417
163	13
163	5983
165	60
165	1885
169	9
169	327
169	438
170	147
170	4188
173	11
173	229
173	685
177	1755
177	5330
177	5717
183	13
183	20
183	25
183	141
183	2554
185	221
187	1
187	6
187	5418
187	5419
188	13
188	14
188	20
188	109
188	2992
195	55
195	5681
195	6062
196	13
196	4030
197	4
197	8
197	80
197	236
197	3232
198	257
199	231
201	13
201	46
206	8
206	131
206	342
217	8
217	9
217	692
221	8
221	1172
224	8
224	53
226	4
226	5
226	71
226	80
229	10
229	1209
229	3939
229	4688
229	6022
229	6025
229	6251
229	6252
229	6253
234	8
234	9
234	58
234	101
234	3294
234	4376
234	4734
234	5928
235	13
235	341
236	1159
239	8
239	705
243	124
243	267
245	12
245	5844
248	11
248	68
248	1136
248	1169
248	4424
248	6157
249	13
249	20
249	154
251	1
251	22
251	25
251	108
251	254
252	8
252	9
252	252
254	1
254	4
254	11
254	80
254	166
254	1179
255	8
255	61
256	4
256	22
256	80
263	4
263	5
263	8
263	10
263	80
263	441
263	1077
263	1102
267	8
267	668
269	55
269	2737
269	3892
269	5980
275	636
279	9
279	4691
280	1
280	6
280	5290
281	8
281	15
281	104
281	112
281	447
281	7836
283	5
283	33
283	94
283	97
286	13
286	39
286	74
286	361
288	8
288	9
288	25
288	83
288	169
288	4419
297	1
297	42
297	97
297	155
302	1
302	11
302	6114
311	1
311	4
311	5
311	11
311	26
311	80
311	417
311	5379
314	27
314	250
315	170
315	750
320	33
320	94
320	97
320	343
320	5824
322	4
322	11
322	80
322	527
322	6157
327	13
327	20
327	3406
329	1
329	6023
337	27
337	295
337	438
341	13
341	448
342	5
342	33
342	54
342	80
342	94
342	97
342	343
343	8
343	15
343	35
343	112
343	342
343	3723
343	3895
344	55
344	5980
345	1
345	4442
347	13
347	20
347	40
348	105
348	4851
348	5888
348	5897
352	14
352	85
354	111
354	118
357	33
357	352
360	8
360	206
361	8
361	35
361	286
361	342
362	8
362	361
363	8
363	459
364	8
364	363
365	8
365	364
365	415
365	1346
388	10
388	5135
390	4
390	80
390	126
390	399
399	390
399	4253
404	8
404	404
407	13
407	20
407	25
407	671
407	3127
407	3465
415	4
415	5
415	80
415	504
416	13
416	269
422	60
422	162
422	165
422	641
430	1
430	931
430	3741
432	4
432	709
437	25
437	33
437	77
437	1250
440	5
440	80
440	143
441	1
441	5
441	80
441	3082
441	3340
445	80
445	101
445	234
445	4376
447	111
447	279
448	13
448	11356
455	3
455	13
458	13
458	14
458	39
458	460
459	13
459	39
459	842
460	13
460	365
463	1
463	78
463	3506
468	1
468	3
468	6
468	5298
468	5300
469	4
469	5
469	80
469	84
472	5
472	7
472	870
479	6762
483	1
483	3
483	3758
490	8
490	9
490	531
493	5
493	8
493	80
493	2637
493	2652
493	3175
506	302
506	5528
522	13
522	20
522	864
527	10
527	6157
533	3
533	6
533	80
533	244
534	14
534	27
534	250
535	1
535	6
535	5294
542	97
542	1118
562	9
562	17
565	1
565	3
565	1104
568	1
568	13
568	921
570	55
570	6062
579	4
579	10
579	248
579	1136
579	1169
579	4424
579	5118
579	5119
579	6157
582	10
582	5598
590	1
590	6
590	12205
597	4
597	3232
605	10
605	681
606	302
606	5527
615	22
615	4085
624	8
624	4133
627	18
627	27
630	10
630	4424
631	1
631	74
631	197
632	27
632	5640
632	5831
636	9
636	96
641	8
641	162
641	416
641	1885
641	2112
645	1
645	1170
647	14
647	18
647	27
655	13
655	20
655	25
655	119
655	144
655	385
666	680
668	1172
668	5345
669	8
669	9
669	51
673	2
673	1801
677	13
677	39
680	8
680	9
680	11
680	47
680	4877
687	688
687	5344
692	8
692	9
692	4877
699	74
699	454
704	7
704	27
705	8
705	112
705	342
705	458
706	14
706	27
706	285
729	5
729	783
729	12452
748	5778
748	14818
760	221
760	760
780	5659
787	13
787	20
787	2839
794	615
794	1096
821	21
821	3391
826	1
826	11
826	49
826	79
826	254
831	864
831	1678
842	1
842	687
842	11907
857	3
857	13
857	20
857	25
860	4
860	80
860	135
860	1929
882	8
882	10
885	22
885	68
885	5817
890	9
890	890
900	6
900	22
900	4039
900	5125
916	24
916	3112
921	8
921	9
921	415
931	14
931	1024
944	1
944	2637
951	1
951	3
951	6
951	5141
951	5301
979	33
979	94
979	97
979	343
979	5688
979	5824
988	9
988	160
993	8
993	9
993	4702
993	4846
993	4882
1005	25
1005	3232
1021	25
1021	972
1024	1
1024	1051
1033	10
1033	5118
1037	8
1037	9
1037	1909
1040	800
1050	4
1050	5
1050	8
1050	9
1050	80
1050	1212
1050	4631
1051	11
1051	21
1051	2463
1051	3263
1063	10
1063	11
1063	1092
1081	8
1081	68
1086	5
1086	264
1092	1037
1092	4425
1094	111
1094	577
1097	8
1097	15
1097	104
1097	112
1097	3785
1100	9
1100	25
1100	860
1100	1267
1101	3291
1102	9
1102	188
1103	11
1103	105
1103	119
1103	295
1112	199
1118	14
1118	42
1118	109
1118	155
1118	2291
1127	22
1127	48
1132	1
1132	3272
1134	13
1134	882
1137	170
1137	315
1137	750
1149	1259
1153	9
1153	69
1157	4
1157	5
1157	80
1157	4281
1165	5
1165	80
1165	3287
1167	9
1167	585
1172	5
1172	80
1172	1236
1172	5345
1177	9
1177	137
1185	2
1185	13
1185	119
1185	253
1185	857
1185	3722
1185	5841
1187	13
1187	4121
1190	15
1190	1290
1204	2
1204	1284
1209	11
1209	229
1209	685
1209	5744
1209	5746
1209	5750
1209	5753
1209	5756
1209	5759
1209	5762
1212	8
1212	9
1212	692
1228	13
1228	35
1230	13
1230	13425
1236	345
1242	14
1242	143
1242	2972
1250	5
1250	80
1250	4133
1260	8
1269	9
1269	251
1271	5
1271	685
1279	8
1279	4556
1290	962
1290	1190
1300	1
1300	20
1300	921
1300	4807
1302	1
1302	11
1302	3506
1304	14
1304	1268
1322	1318
1322	2320
1344	8
1344	1345
1346	8
1346	15
1346	342
1346	460
1352	16
1352	440
1353	1
1353	11
1384	1
1384	1596
1449	242
1449	1978
1494	1
1494	6
1494	5619
1528	6
1528	33
1528	5684
1528	5688
1635	13
1635	20
1635	886
1636	13
1636	20
1636	2163
1637	13
1637	20
1637	3402
1637	6113
1638	13
1638	20
1638	2984
1639	13
1639	20
1639	3125
1640	13
1640	20
1640	2282
1640	6112
1641	13
1641	20
1641	2987
1642	13
1642	20
1642	2412
1643	13
1643	20
1643	2988
1644	13
1644	20
1644	3127
1645	13
1645	20
1645	2047
1646	13
1646	20
1646	1931
1647	13
1647	20
1647	2430
1647	5336
1648	13
1648	20
1648	3511
1649	13
1649	20
1649	2702
1650	13
1650	20
1650	2553
1651	13
1651	20
1651	2992
1652	13
1652	20
1652	3512
1653	13
1653	20
1653	2554
1674	140
1798	267
1798	1335
1817	1755
1817	5330
1817	5717
1872	226
1872	462
1880	6101
1909	120
1929	4
1929	80
1929	135
1977	242
1977	1978
2043	1
2043	6
2043	5657
2047	66
2047	2429
2051	11
2051	1242
2066	12453
2094	6098
2163	66
2163	613
2166	302
2166	5951
2191	32
2191	80
2220	14
2220	3453
2235	1
2235	88
2235	2814
2265	14
2265	166
2315	1
2315	2582
2315	11811
2320	25
2320	5729
2336	8
2336	5345
2411	3058
2430	101
2430	3294
2432	28
2432	41
2432	1528
2442	21
2442	6199
2463	4
2463	80
2463	5778
2469	21
2469	5778
2470	5830
2472	69
2472	1019
2492	35
2492	2492
2504	1
2504	24
2504	141
2504	2631
2512	1
2512	11
2512	5711
2512	6114
2637	1
2637	230
2666	1
2666	6
2666	12204
2686	15
2686	6126
2730	5817
2737	11
2737	350
2739	2
2739	13
2739	119
2739	2741
2741	4896
2743	3800
2743	11475
2909	4
2909	80
2909	14099
2939	10
2939	5119
2972	4
2972	80
2972	2051
2987	6
2987	1641
2987	3741
2999	41
2999	5887
3023	342
3023	3895
3063	5601
3063	6201
3090	1
3090	8
3090	9
3090	64
3090	119
3090	3838
3175	9
3175	1269
3193	11
3193	12
3193	3363
3193	5695
3193	5844
3240	6635
3263	1
3263	11
3263	1079
3283	10
3283	6442
3306	21
3306	4311
3319	5
3319	688
3356	1
3356	4309
3360	9
3360	870
3406	62
3406	122
3451	51
3451	256
3451	546
3479	1
3479	445
3492	8
3492	9
3492	13
3492	55
3492	112
3492	4352
3506	1
3506	78
3506	661
3541	8
3541	9
3541	3541
3543	9
3543	348
3546	9
3546	137
3561	5
3561	332
3561	6143
3582	5901
3657	11
3657	13
3657	5818
3657	13309
3741	5
3741	5765
3793	1
3793	5546
3794	20
3794	122
3798	3633
3803	10
3803	4341
3838	101
3838	4376
3862	110
3862	5869
3880	66
3880	3523
3883	4896
3899	51
3899	2929
3939	11
3939	229
3939	5744
3943	5
3943	14
3943	3341
3972	4
3972	5
3972	10
3972	80
3972	3340
3972	4462
4006	9
4006	137
4039	1
4039	141
4046	15
4046	6040
4085	615
4085	1096
4115	1
4115	4324
4121	55
4121	6024
4121	6025
4146	11
4146	13
4146	5809
4146	5818
4184	1
4184	5854
4232	342
4232	3723
4250	3800
4250	11475
4256	13
4256	43
4272	1
4272	5
4272	141
4272	4181
4272	6010
4302	108
4302	119
4302	1302
4327	13
4327	1081
4332	117
4332	255
4332	4454
4332	4732
4352	11
4352	1134
4353	1
4353	6
4353	650
4376	8
4376	9
4376	25
4376	4640
4411	1
4411	4
4411	80
4411	2631
4411	4236
4419	83
4419	6250
4421	42
4421	666
4442	22
4442	118
4454	5
4454	1268
4478	1
4478	9
4478	74
4478	1112
4478	1187
4489	73
4489	4144
4494	9
4494	1228
4501	13
4501	43
4537	35
4537	4615
4556	8
4556	4752
4570	390
4570	4253
4593	22
4593	42
4618	5
4618	5744
4619	1
4619	5
4619	4174
4619	4180
4619	5753
4619	5754
4620	5
4620	5750
4633	5
4633	5762
4640	8
4640	9
4640	3373
4652	15
4652	105
4652	4688
4652	4824
4652	4932
4652	6022
4666	1
4666	1267
4677	8
4677	9
4677	101
4677	4734
4688	5
4688	229
4688	4738
4688	5759
4691	9
4691	944
4700	8
4700	9
4700	4846
4702	105
4702	4851
4735	13
4735	20
4735	4681
4737	1
4737	3272
4738	33
4738	6022
4751	8
4751	9
4751	11
4751	3373
4751	4823
4752	13
4752	1081
4807	13
4807	921
4823	122
4823	4677
4824	15
4824	4932
4846	105
4846	5888
4851	15
4851	5893
4874	1
4874	266
4874	1300
4874	5925
4877	8
4877	9
4877	4882
4882	105
4882	5897
4884	1132
4884	4730
4895	9
4895	13
4895	536
4895	3684
4895	4874
4895	5925
4895	6148
4896	4916
4911	1582
4911	4884
4916	4677
4916	5569
4919	55
4919	6024
4927	55
4927	6138
4932	8
4932	4919
5125	22
5125	68
5125	1136
5125	6006
5167	14
5167	30
5167	161
5223	11
5223	229
5223	5759
5254	9
5254	5255
5301	21
5301	5302
5335	9
5335	13
5335	20
5335	5336
5335	5691
5338	10
5338	5596
5345	8
5345	231
5345	279
5345	5378
5356	1
5356	127
5356	4805
5359	1
5359	6711
5378	111
5378	118
5379	11
5379	26
5381	68
5381	1169
5382	117
5382	231
5382	13378
5386	5
5386	5344
5396	9
5396	243
5401	116
5401	1582
5403	221
5403	5394
5405	545
5416	1
5416	6
5416	5417
5416	5423
5422	4575
5427	11
5427	13
5427	13309
5444	4
5444	5445
5447	5448
5450	1
5450	5460
5455	1
5455	6
5455	5457
5552	6250
5565	7
5565	3680
5576	4
5576	5577
5600	5601
5600	6201
5635	5832
5673	55
5673	5681
5686	8
5686	5696
5688	9
5688	28
5688	33
5688	41
5688	42
5688	1528
5688	5699
5689	12
5689	5695
5691	5692
5691	5694
5692	212
5692	5698
5693	5692
5693	5694
5694	5693
5694	11433
5697	13
5697	5686
5698	1
5698	5699
5700	33
5700	5699
5701	42
5701	5699
5702	9
5702	5699
5713	293
5713	5712
5745	11
5745	229
5745	5746
5747	5
5747	5746
5749	11
5749	229
5749	5750
5752	11
5752	229
5752	5753
5755	11
5755	229
5755	5756
5757	1
5757	5
5757	5756
5757	5758
5761	11
5761	229
5761	5762
5766	11
5766	5768
5776	3167
5776	6453
5796	124
5796	5796
5800	1
5800	6
5800	5801
5801	21
5801	5802
5802	1
5802	5803
5803	21
5803	5804
5804	1
5804	6
5804	5805
5811	21
5811	5812
5812	1
5812	6
5812	5813
5813	21
5813	5814
5814	1
5814	6
5814	5815
5815	21
5815	399
5816	22
5816	68
5816	5817
5818	21
5818	828
5818	6245
5839	31
5839	5838
5852	1
5852	3
5852	544
5852	6207
5868	110
5868	5869
5889	8
5889	9
5889	5890
5892	8
5892	9
5892	4702
5893	8
5893	9
5893	3543
5893	5894
5893	11826
5897	15
5897	5898
5898	8
5898	9
5898	3543
5898	5899
5898	11827
5921	20
5921	6250
5922	58
5922	5923
5923	6148
5928	8
5928	9
5928	5929
5931	25
5931	42
5946	22
5946	48
5947	25
5947	5946
5966	1
5966	127
5966	4742
5983	20
5983	100
5993	20
5993	24
5994	24
5994	6255
6006	14463
6007	1
6007	5
6007	80
6007	671
6007	14463
6010	22
6010	4181
6010	5125
6016	181
6016	259
6016	6016
6019	85
6023	1
6023	6023
6024	55
6024	6025
6026	6251
6026	6253
6055	4
6055	9
6055	11
6055	25
6055	80
6055	6054
6055	6056
6055	7335
6055	11638
6099	3
6099	1328
6099	7271
6103	5
6103	80
6103	6102
6135	1132
6135	1290
6136	124
6136	6135
6140	55
6140	6139
6156	10
6156	4256
6202	6203
6235	1371
6235	2734
6249	20
6249	6250
6250	8
6250	9
6250	4419
6251	6025
6251	6252
6376	33
6376	6377
6442	1
6442	6231
6452	3167
6452	6453
6486	1
6486	6487
6597	1327
6597	6598
6598	1327
6598	6599
6600	3
6600	698
6600	1328
6600	7102
6609	1327
6609	6611
6610	1327
6610	6612
6677	1
6677	3
6677	6678
6715	24
6715	527
6723	6714
6749	9824
6752	1327
6752	6753
6756	1
6756	3
6756	6757
6790	1327
6790	14868
6893	111
6893	222
6899	1
6899	3
6899	7490
7083	1
7083	6
7083	1352
7083	2083
7086	1
7086	3
7086	5852
7088	48
7088	2124
7096	1
7096	3
7096	7097
7098	3
7098	698
7098	1328
7098	7097
7101	3
7101	698
7101	1328
7101	6600
7118	24
7118	512
7208	1
7208	3
7208	7216
7212	1
7212	3
7212	7213
7715	1
7715	6711
8604	8639
8604	12095
8639	12096
9811	9812
9813	1063
9818	9819
9820	91
9820	512
9825	6714
9880	1
9880	3
9880	28
9880	2759
9880	11938
9880	11941
10700	1
10700	6
10700	13636
10905	5659
10905	5831
11088	13645
11088	14874
11356	13
11356	4574
11356	5859
11422	1
11422	3
11422	11429
11422	11431
11422	11432
11432	5693
11432	11433
11434	5
11434	13
11434	80
11434	11435
11434	11437
11435	8
11435	11436
11436	55
11436	11453
11439	58
11439	11440
11453	1
11453	2582
11453	11811
11457	1
11457	3
11457	4044
11472	9
11472	7838
11519	58
11519	571
11541	21
11541	84
11541	11542
11811	1
11811	6
11811	129
11826	3543
11826	11826
11827	3543
11827	11827
11907	688
11929	11934
11937	6
11937	1328
11937	11405
11948	100
11948	11949
11949	10
11949	11950
12095	12096
12126	1
12126	28
12126	195
12214	5382
12214	12215
12371	6801
12621	1
12621	3
12621	12623
12989	33
12989	47
13309	21
13309	2059
13378	68
13378	231
13624	1
13624	3
13624	13629
13624	13631
13631	1
13631	3
13631	13634
13637	1
13637	6
13637	13638
14082	1
14082	3
14082	14089
14086	22
14086	14087
14089	4
14089	80
14089	14090
14095	22
14095	14096
14098	1
14098	3
14098	2909
14107	22
14107	14108
14117	14118
14119	91
14119	14120
14786	14791
14787	14792
14787	14793
14800	14805
14800	14806
14802	14803
14802	14804
14818	32
14818	80
14839	14847
14840	14848
14852	1
14852	14856
14857	1327
14857	14865
14858	14861
14859	1327
14859	14864
14865	1327
14865	14863
14870	13645
14870	14871
