1	1
1	3
1	4
1	5
1	6
1	7
1	8
1	9
1	10
1	11
1	13
1	14
1	15
1	17
1	18
1	20
1	21
1	22
1	25
1	26
1	27
1	30
1	31
1	33
1	35
1	41
1	42
1	47
1	48
1	49
1	51
1	55
1	58
1	60
1	63
1	65
1	66
1	69
1	77
1	80
1	84
1	85
1	86
1	89
1	93
1	94
1	95
1	97
1	99
1	101
1	105
1	106
1	108
1	109
1	110
1	112
1	114
1	116
1	117
1	121
1	124
1	130
1	132
1	135
1	137
1	140
1	144
1	145
1	152
1	155
1	159
1	161
1	162
1	165
1	169
1	174
1	178
1	180
1	181
1	184
1	188
1	189
1	195
1	212
1	224
1	229
1	234
1	249
1	250
1	252
1	253
1	255
1	256
1	258
1	259
1	267
1	281
1	283
1	285
1	294
1	299
1	302
1	319
1	333
1	334
1	342
1	345
1	363
1	364
1	365
1	369
1	385
1	416
1	419
1	438
1	461
1	470
1	492
1	496
1	499
1	526
1	571
1	585
1	586
1	603
1	617
1	632
1	641
1	642
1	655
1	668
1	670
1	712
1	718
1	721
1	734
1	740
1	794
1	804
1	818
1	836
1	860
1	864
1	870
1	890
1	954
1	956
1	965
1	966
1	984
1	1024
1	1035
1	1083
1	1094
1	1117
1	1161
1	1181
1	1220
1	1228
1	1233
1	1243
1	1245
1	1290
1	1304
1	1401
1	1419
1	1582
1	1678
1	1885
1	1962
1	2112
1	2165
1	2170
1	2222
1	2336
1	2686
1	2835
1	2929
1	2946
1	3058
1	3341
1	3453
1	3518
1	3523
1	3589
1	3692
1	3723
1	3895
1	3912
1	4076
1	4248
1	4376
1	4546
1	4554
1	4640
1	4677
1	4691
1	4733
1	4734
1	4824
1	4874
1	4895
1	5111
1	5345
1	5402
1	5404
1	5411
1	5412
1	5448
1	5512
1	5569
1	5580
1	5582
1	5584
1	5601
1	5635
1	5653
1	5684
1	5688
1	5691
1	5698
1	5729
1	5817
1	5828
1	5922
1	5923
1	5925
1	5947
1	5951
1	6015
1	6016
1	6017
1	6022
1	6056
1	6144
1	6147
1	6148
1	6201
1	6240
1	6329
1	6606
1	6714
1	6755
1	7086
1	7091
1	7838
1	9812
1	9819
1	9824
1	10858
1	11542
1	11824
1	11924
1	11934
1	12835
1	13952
1	14087
1	14096
1	14108
1	14118
1	14782
1	14814
2	2
2	3
2	8
2	9
2	11
2	13
2	16
2	18
2	20
2	24
2	25
2	35
2	36
2	40
2	44
2	46
2	51
2	53
2	55
2	59
2	61
2	63
2	64
2	68
2	74
2	75
2	81
2	83
2	85
2	92
2	93
2	105
2	111
2	117
2	119
2	129
2	131
2	144
2	152
2	154
2	169
2	201
2	206
2	224
2	231
2	234
2	236
2	252
2	275
2	286
2	345
2	346
2	352
2	354
2	361
2	363
2	415
2	445
2	446
2	447
2	458
2	459
2	460
2	562
2	575
2	588
2	627
2	647
2	665
2	668
2	669
2	857
2	864
2	886
2	1010
2	1096
2	1102
2	1107
2	1120
2	1143
2	1167
2	1172
2	1260
2	1277
2	1284
2	1345
2	1346
2	1909
2	1931
2	2047
2	2073
2	2163
2	2282
2	2412
2	2430
2	2449
2	2553
2	2554
2	2702
2	2729
2	2839
2	2965
2	2984
2	2987
2	2988
2	2992
2	3028
2	3082
2	3125
2	3127
2	3175
2	3287
2	3373
2	3402
2	3406
2	3511
2	3512
2	3541
2	3635
2	3785
2	3838
2	4030
2	4133
2	4312
2	4327
2	4419
2	4549
2	4637
2	4640
2	4681
2	4682
2	4727
2	4734
2	4801
2	4807
2	4823
2	5336
2	5345
2	5378
2	5560
2	5686
2	5691
2	5696
2	5820
2	5890
2	5894
2	5899
2	5921
2	5928
2	5929
2	5983
2	5993
2	6112
2	6113
2	6124
2	6397
2	9332
2	11472
2	11555
2	11556
3	1
3	4
3	11
3	14
3	22
3	24
3	25
3	26
3	33
3	36
3	42
3	47
3	60
3	71
3	80
3	84
3	95
3	99
3	111
3	127
3	135
3	143
3	161
3	162
3	174
3	236
3	248
3	258
3	259
3	310
3	322
3	334
3	399
3	415
3	441
3	445
3	504
3	527
3	546
3	577
3	617
3	642
3	652
3	655
3	693
3	709
3	804
3	818
3	954
3	956
3	1031
3	1161
3	1181
3	1370
3	1697
3	1929
3	2051
3	2137
3	2170
3	2835
3	2946
3	3232
3	3912
3	4236
3	4246
3	4281
3	4453
3	4554
3	4840
3	5406
3	5445
3	5449
3	5467
3	5533
3	5577
3	5580
3	5582
3	5584
3	5635
3	5748
3	5751
3	5754
3	5758
3	5760
3	5763
3	5778
3	5828
3	5938
3	5947
3	6054
3	6144
3	6240
3	6755
3	7086
3	9813
3	9821
3	10700
3	11150
3	11924
3	13952
3	14090
3	14099
3	14819
4	1
4	3
4	30
4	80
4	244
4	544
4	698
4	999
4	1104
4	1328
4	2759
4	2909
4	3758
4	4044
4	4814
4	5298
4	5301
4	5548
4	5852
4	6142
4	6600
4	6678
4	6757
4	7097
4	7102
4	7213
4	7216
4	7271
4	7490
4	11429
4	11431
4	11432
4	11509
4	12623
4	13629
4	13631
4	13634
4	14089
5	1
5	6
5	10
5	11
5	13
5	30
5	58
5	80
5	244
5	650
5	751
5	924
5	1054
5	1328
5	1352
5	2083
5	2843
5	3012
5	4039
5	4076
5	4814
5	4840
5	5108
5	5141
5	5235
5	5270
5	5290
5	5294
5	5298
5	5300
5	5301
5	5309
5	5394
5	5417
5	5418
5	5419
5	5423
5	5437
5	5457
5	5585
5	5619
5	5657
5	5684
5	5801
5	5805
5	5813
5	5815
5	6142
5	11148
5	11150
5	11405
5	11455
5	11482
5	11508
5	11509
5	12204
5	12205
5	13636
5	13638
5	14749
5	14768
5	14769
5	14770
5	14771
5	14778
5	14784
5	14786
5	14787
5	14800
5	14802
5	14825
5	14826
5	14839
5	14840
5	14845
5	14849
5	14850
5	14851
5	14853
5	14854
5	14857
5	14858
5	14859
5	14866
5	14870
6	3
6	5
6	7
6	9
6	11
6	14
6	22
6	24
6	25
6	26
6	33
6	42
6	64
6	80
6	94
6	127
6	139
6	143
6	161
6	174
6	181
6	199
6	236
6	259
6	267
6	334
6	343
6	356
6	415
6	441
6	445
6	504
6	577
6	642
6	652
6	685
6	693
6	870
6	956
6	966
6	1161
6	1179
6	1192
6	1236
6	1268
6	1370
6	1697
6	2637
6	2652
6	2888
6	2934
6	3082
6	3221
6	3287
6	3341
6	3372
6	3715
6	3912
6	4076
6	4133
6	4181
6	4246
6	4281
6	4453
6	5111
6	5272
6	5273
6	5275
6	5276
6	5379
6	5440
6	5580
6	5582
6	5584
6	5744
6	5746
6	5748
6	5750
6	5751
6	5753
6	5754
6	5756
6	5758
6	5759
6	5760
6	5762
6	5763
6	5765
6	5947
6	5999
6	6010
6	6017
6	7086
6	11455
6	14463
7	1
7	3
7	4
7	6
7	11
7	14
7	18
7	27
7	28
7	48
7	58
7	80
7	88
7	125
7	195
7	244
7	250
7	285
7	295
7	510
7	544
7	650
7	658
7	698
7	1054
7	1079
7	1104
7	1328
7	1335
7	1352
7	2083
7	2124
7	2191
7	2759
7	2814
7	2909
7	3012
7	3161
7	3758
7	4044
7	4409
7	4814
7	4840
7	5102
7	5108
7	5141
7	5290
7	5294
7	5298
7	5300
7	5301
7	5417
7	5418
7	5419
7	5437
7	5457
7	5585
7	5619
7	5640
7	5643
7	5657
7	5801
7	5803
7	5805
7	5813
7	5815
7	5852
7	6316
7	6600
7	6635
7	6678
7	6711
7	6757
7	7097
7	7102
7	7213
7	7216
7	7271
7	11148
7	11150
7	11405
7	11429
7	11431
7	11432
7	11455
7	11508
7	11509
7	11941
7	12204
7	12205
7	12623
7	13629
7	13631
7	13634
7	13636
7	13638
7	14089
7	14749
7	14768
7	14769
7	14770
7	14771
7	14778
7	14784
7	14786
7	14787
7	14800
7	14802
7	14825
7	14826
7	14839
7	14840
7	14845
7	14849
7	14850
7	14851
7	14853
7	14854
7	14857
7	14858
7	14859
7	14866
7	14870
8	2
8	8
8	9
8	20
8	224
8	1260
8	1284
8	1801
8	5841
9	1
9	2
9	4
9	5
9	73
9	80
9	103
9	106
9	117
9	147
9	153
9	236
9	242
9	253
9	262
9	277
9	385
9	442
9	465
9	627
9	647
9	672
9	718
9	1081
9	3082
9	3287
9	4133
9	4257
9	4454
9	5765
9	5925
10	1
10	4
10	5
10	9
10	11
10	13
10	20
10	24
10	26
10	35
10	36
10	40
10	48
10	80
10	91
10	100
10	104
10	141
10	154
10	332
10	356
10	512
10	527
10	531
10	681
10	3112
10	11949
10	14120
11	1
11	3
11	5
11	7
11	8
11	9
11	22
11	68
11	80
11	119
11	1909
11	3722
11	3981
11	5111
11	5516
11	5548
11	5604
11	5935
11	6640
12	10
12	3011
12	6250
13	1
13	2
13	9
13	64
13	73
13	106
13	108
13	119
13	147
13	242
13	253
13	295
13	3722
13	4051
14	1
14	8
14	9
14	22
14	63
14	64
14	108
14	1596
14	1659
14	5890
14	5894
14	5899
15	1
15	8
15	9
15	75
15	105
15	1170
16	1
16	6
16	111
16	877
16	1352
16	2083
16	3221
16	4281
16	5271
16	5272
16	5273
16	5275
16	5276
17	1
17	8
17	66
17	110
17	562
17	613
17	2449
17	2863
17	5546
18	9
18	250
19	1
19	2
19	11
19	21
19	73
19	84
19	828
19	1037
19	1137
19	1152
19	1241
19	2059
19	2463
19	4158
19	4215
19	4425
19	4525
19	4692
19	4728
19	4748
19	5302
19	5313
19	5778
19	5802
19	5804
19	5814
19	6199
19	6245
19	11542
20	8
20	14
20	119
20	130
20	147
21	19
21	155
21	212
21	5805
22	4
22	5
22	8
22	9
22	11
22	15
22	24
22	35
22	36
22	74
22	84
22	104
22	112
22	206
22	361
22	454
22	1136
22	3981
22	6203
24	1
24	6
24	8
24	9
24	10
24	11
24	33
24	83
24	264
24	332
24	357
24	624
24	1077
24	1136
24	1883
24	1997
24	2232
24	2571
24	2727
24	2843
24	3011
24	3341
24	3344
24	3508
24	3939
24	5135
24	5259
24	5261
24	5263
24	5265
24	5267
24	5269
24	6250
24	6442
25	1
25	4
25	5
25	8
25	9
25	10
25	11
25	13
25	14
25	20
25	26
25	64
25	77
25	80
25	119
25	334
25	415
25	624
25	669
25	2987
25	3287
25	3541
25	5167
25	5569
25	5672
25	5711
25	5928
25	5929
25	6112
25	9332
25	12989
26	11
26	22
26	25
26	36
26	141
26	166
26	222
26	232
26	233
26	302
26	671
26	957
26	1165
26	1169
26	1179
26	1250
26	1267
26	3232
26	3465
26	5381
26	5527
26	5528
26	5539
26	5932
26	5946
26	6054
26	6102
27	1
27	7
27	67
27	125
27	127
28	3
28	6
28	30
28	111
28	3912
28	4281
28	9811
29	15
29	52
29	103
29	277
29	689
29	718
29	965
29	1246
29	6040
30	1
30	8
30	28
30	94
30	195
30	510
30	1054
30	11398
30	11938
31	8
31	92
31	104
31	206
33	13
33	20
33	24
33	5993
35	8
35	9
35	44
35	144
35	201
36	8
36	11
36	74
37	4
37	8
37	9
37	10
37	11
37	13
37	14
37	20
37	51
37	65
37	80
37	101
37	143
37	430
37	1242
37	1259
37	2412
37	3508
37	3838
37	5520
37	5596
37	5598
39	13
39	39
40	10
40	27
40	264
40	658
40	2530
41	10
41	13
41	20
41	22
41	25
41	886
41	3341
42	9
42	35
42	91
42	97
42	104
42	122
42	390
42	1118
43	15
43	105
43	461
43	1288
43	4500
43	4537
44	1
44	9
44	13
44	35
44	46
44	55
44	58
44	74
44	91
44	96
44	105
44	531
44	942
44	1304
44	2407
44	3794
44	4895
44	5922
45	11
45	12
45	3363
46	13
46	20
46	46
46	2073
47	10
47	13
47	20
47	1931
47	2727
49	8
49	9
49	11
49	13
49	20
49	25
49	35
49	36
49	99
49	152
49	438
49	2984
49	3082
49	3406
49	3794
49	4823
49	6113
51	1
51	4
51	5
51	25
51	80
51	127
51	1419
51	3740
51	4742
51	4805
52	4
52	15
52	80
52	617
52	1290
52	6126
53	8
53	9
53	28
53	54
53	80
53	94
53	224
53	343
54	9
54	20
58	4
58	8
58	9
58	11
58	80
58	234
58	4734
58	5923
59	9
59	13
59	224
60	1
60	4233
61	9
61	13
61	16
61	255
62	13
62	20
62	77
62	86
62	2163
63	9
63	13
63	46
63	74
63	110
63	112
63	269
63	307
63	354
63	447
63	570
63	3785
63	5673
63	5674
64	3
64	8
64	9
64	13
64	20
64	22
64	25
64	63
64	108
64	144
64	152
64	169
64	352
64	2282
64	4640
64	11355
65	1
65	10
65	11
65	13
65	14
65	20
65	22
65	55
65	78
65	97
65	542
65	661
65	2218
65	2291
65	2553
65	2737
65	2934
65	5699
65	5820
66	13
66	21
66	4158
66	4432
66	4728
68	8
68	11
68	22
68	117
68	3028
68	5125
68	5381
68	13378
69	10
69	1883
71	4
71	5
71	60
71	162
71	174
72	80
72	1041
73	13
73	20
73	2430
74	9
74	1269
74	4691
75	8
75	9
75	13
75	15
75	25
75	29
75	43
75	46
75	55
75	63
75	74
75	105
75	354
75	447
75	3785
77	9
77	11
77	25
77	134
77	151
77	327
77	1165
78	13
78	20
78	3512
79	13
79	20
79	25
79	166
79	3511
80	1
80	3
80	4
80	6
80	7
80	8
80	10
80	11
80	13
80	27
80	28
80	33
80	58
80	88
80	94
80	97
80	155
80	343
80	544
80	650
80	751
80	1054
80	1104
80	1352
80	2083
80	2759
80	2814
80	2843
80	2909
80	3012
80	3758
80	4039
80	4044
80	4076
80	4814
80	4840
80	5108
80	5141
80	5270
80	5290
80	5294
80	5298
80	5300
80	5301
80	5417
80	5437
80	5457
80	5548
80	5778
80	5815
80	5852
80	6142
80	6638
80	6711
80	6757
80	7097
80	7213
80	7216
80	7490
80	11148
80	11150
80	11412
80	11429
80	11431
80	11432
80	11455
80	11482
80	11508
80	11509
80	11941
80	12204
80	12205
80	12623
80	13629
80	13631
80	13634
80	13636
80	13638
80	14089
80	14749
80	14768
80	14769
80	14770
80	14771
80	14778
80	14784
80	14786
80	14787
80	14800
80	14802
80	14818
80	14825
80	14826
80	14839
80	14840
80	14845
80	14849
80	14850
80	14851
80	14853
80	14854
80	14857
80	14858
80	14859
80	14866
80	14870
81	9
81	55
81	74
81	85
81	91
81	92
81	104
81	105
81	275
81	352
81	354
81	447
81	531
81	1096
81	2965
81	3785
82	13
82	20
82	25
82	1179
82	2839
83	1
83	6
83	10
83	11
83	1209
83	2843
84	1
84	4
84	5
84	33
84	80
84	1548
84	5125
85	8
85	15
85	25
85	104
85	112
85	231
85	279
85	352
85	354
85	665
86	8
86	9
86	1010
87	120
88	5
88	7
88	870
89	31
89	95
89	267
89	2336
91	10
91	11
91	430
91	1169
91	2232
91	5520
92	5
92	15
92	80
92	85
92	689
92	1236
93	4
93	9
93	30
93	55
93	80
93	111
93	116
93	1352
93	3892
95	8
95	85
95	104
95	206
95	5345
96	35
96	2492
96	3862
96	4615
96	5860
96	5861
97	8
97	9
97	13
97	14
97	20
97	22
97	33
97	42
97	283
97	302
97	669
97	957
97	2291
97	3125
99	13
99	20
99	25
99	222
99	864
100	10
100	3344
100	4644
100	5449
100	5467
101	4
101	5
101	8
101	9
101	11
101	14
101	80
101	143
101	234
101	415
101	504
101	2972
101	9332
103	13
103	29
103	668
104	8
104	9
104	81
104	130
105	106
105	119
106	1
106	1168
109	68
109	6006
110	15
110	35
110	105
110	1246
110	3862
110	4500
111	9
111	184
112	8
112	9
112	55
112	63
114	8
114	588
116	4
116	5
116	8
116	80
116	93
116	577
117	1
117	20
117	119
117	199
117	1168
117	5382
117	12215
118	4
118	5
118	68
118	80
118	85
118	111
118	117
118	231
118	236
118	279
118	3506
120	13
120	20
120	4681
120	4682
120	4727
120	4801
120	5921
121	8
121	117
123	13
123	20
123	25
123	233
123	2047
124	4
124	5
124	8
124	446
124	1697
125	22
125	126
125	399
126	1
126	125
129	13
129	235
129	341
129	353
129	448
129	4432
129	5859
129	11356
130	4
130	9
130	35
130	80
130	655
130	3794
130	4734
131	13
131	39
131	55
131	74
131	85
131	92
131	105
131	206
131	275
131	352
131	1096
131	2965
132	1
132	67
134	170
134	315
135	13
135	20
135	21
135	1152
135	2988
136	10
136	877
136	1352
136	5269
137	55
137	1194
138	5
138	80
138	139
141	11
141	101
141	966
141	4424
143	4
143	5
143	16
143	65
143	101
143	364
143	415
143	440
143	445
143	966
144	8
144	35
144	119
144	242
146	1371
146	2734
148	4
148	5
148	13
148	20
148	30
148	80
148	2702
148	3912
149	1
149	4
149	5
149	11
149	22
149	24
149	36
149	48
149	80
149	122
151	1419
151	3740
152	13
152	14
152	20
152	49
152	3402
153	14
153	253
154	5
154	10
154	11
154	80
154	249
154	1352
154	2934
154	5272
155	1
155	73
155	542
155	2291
155	4144
156	13
156	5809
156	13425
157	114
157	162
157	416
157	670
158	1
158	24
158	36
158	311
158	417
159	8
159	104
159	206
159	275
161	11
161	26
161	71
161	151
161	1165
161	5167
162	1
162	3161
162	5102
163	13
163	5983
165	55
165	60
165	1885
165	5675
165	5676
169	9
169	327
169	438
173	4
173	5
173	11
173	80
173	229
173	685
173	693
177	1755
177	5330
177	5717
183	13
183	20
183	25
183	141
183	2554
184	8
184	111
186	22
186	126
187	1
187	6
187	10
187	2530
187	5418
187	5419
188	13
188	14
188	20
188	37
188	84
188	109
188	2992
189	8
189	346
196	13
196	4030
197	4
197	8
197	80
197	236
197	3232
199	231
201	13
201	46
203	4
203	80
203	13952
206	8
206	131
206	342
208	267
212	8
212	14
212	20
212	147
212	294
212	442
216	4
216	5
216	652
219	1
219	6
219	14749
219	14768
219	14769
219	14770
219	14771
219	14778
221	8
221	1172
222	11
222	84
224	8
224	53
224	59
224	1260
226	4
226	71
226	80
229	10
229	1209
229	3939
229	4688
229	6022
229	6025
229	6251
229	6252
229	6253
232	4
232	5
232	42
232	80
234	8
234	9
234	101
234	3294
234	4376
234	4734
234	5928
235	13
235	341
236	1159
239	14
239	365
241	14
241	60
242	14
242	385
245	12
245	5844
248	11
248	68
248	1136
248	1169
248	4424
248	6157
249	13
249	20
249	154
250	8
250	18
251	1
251	22
251	25
251	108
251	254
251	11355
252	8
252	9
252	252
254	1
254	5
254	11
254	80
254	166
254	1179
255	8
255	61
256	22
256	126
257	8
257	345
263	4
263	5
263	8
263	10
263	80
263	441
263	1077
263	1102
267	8
267	221
267	668
269	55
269	1194
269	2737
269	3892
275	85
275	636
275	5345
277	15
277	103
277	208
277	277
279	9
279	4691
280	1
280	6
280	5290
281	8
281	15
281	104
281	112
281	447
283	5
283	33
283	94
283	97
283	155
286	13
286	39
286	55
286	74
286	105
286	361
288	8
288	9
288	25
288	36
288	83
288	169
288	1010
288	4419
293	208
294	262
294	442
297	1
297	42
297	97
297	155
299	8
299	15
299	35
299	104
299	105
299	106
299	121
299	206
299	361
299	363
299	705
299	1346
301	20
301	117
302	1
302	11
302	6114
307	55
307	157
307	4598
310	8
310	231
311	1
311	4
311	5
311	11
311	26
311	42
311	48
311	80
311	417
311	5379
314	1
314	8
314	27
314	250
314	627
315	170
315	750
315	986
315	7282
319	8
319	6124
320	33
320	94
320	97
320	155
320	343
320	1755
320	5824
322	4
322	11
322	80
322	527
322	6157
327	13
327	20
327	3406
328	41
328	108
329	1
329	8
329	104
329	206
329	352
329	6023
330	242
330	672
334	25
334	232
337	27
337	295
337	438
341	13
341	448
342	5
342	33
342	54
342	80
342	94
342	97
342	155
342	343
343	8
343	15
343	35
343	112
343	342
343	3723
343	3895
345	5
345	11
345	80
345	199
346	13
346	570
347	13
347	20
347	40
350	21
350	165
350	189
350	416
350	1241
352	10
352	357
354	9
354	85
354	111
354	118
354	1094
354	5345
356	1
356	24
356	332
357	4256
360	8
360	206
361	8
361	35
361	286
361	342
362	8
362	361
363	8
363	9
363	364
363	459
364	8
364	363
365	8
365	364
365	415
365	1346
369	103
369	267
369	369
369	718
378	1
378	20
378	68
378	1081
379	4
379	5
379	80
379	181
379	310
380	14
380	106
381	110
381	112
387	242
387	442
388	10
388	5135
390	4
390	80
390	126
390	399
399	19
399	122
399	390
399	4253
399	5805
407	13
407	20
407	25
407	671
407	3127
407	3465
409	33
409	73
412	1
412	28
412	510
415	4
415	5
415	80
415	504
416	13
416	40
416	269
416	681
418	5
418	8
418	356
418	1107
422	60
422	162
422	165
422	641
430	1
430	931
432	4
432	709
437	25
437	77
437	624
437	1250
440	5
440	80
440	143
441	5
441	80
441	3082
442	3736
445	80
445	101
445	234
445	4376
446	52
446	103
447	9
447	111
447	279
447	281
448	6
448	13
448	80
448	353
448	751
448	3428
448	11356
449	4
449	5
449	25
449	26
449	47
449	80
449	4076
455	3
455	13
458	13
458	39
458	55
458	105
458	705
459	9
459	13
459	39
459	55
459	105
459	363
460	13
460	55
460	105
460	365
460	1346
461	15
461	33
461	140
461	461
461	734
461	3518
463	1
463	78
463	3506
468	1
468	3
468	6
468	5298
468	5300
469	4
469	80
469	84
470	333
470	470
470	4733
472	5
472	6
472	7
472	870
472	5309
475	8
475	14
475	15
475	35
475	55
475	104
475	206
475	299
475	361
475	363
475	705
475	1346
483	1
483	3
483	3758
487	10
487	2571
490	9
490	35
490	104
490	531
491	14
491	22
491	1962
492	89
492	95
492	124
492	5402
493	5
493	8
493	80
493	2637
493	2652
493	3175
496	13
496	20
496	3635
499	86
499	603
506	11
506	245
506	302
506	5528
511	1
511	1659
522	5
522	13
522	20
522	864
522	966
524	32
524	2248
526	106
526	672
527	10
527	6157
532	4
532	5
532	259
533	3
533	6
533	80
533	244
534	1
534	8
534	14
534	27
534	250
534	647
535	1
535	6
535	5294
542	14
542	22
542	97
542	155
542	1118
544	1
544	6
544	11
544	80
544	5585
546	6
546	5235
555	4
555	5
555	80
555	334
559	14
559	147
559	672
559	5512
562	9
562	17
565	1
565	3
565	1104
568	1
568	13
568	921
570	55
570	350
570	4475
575	20
577	4
577	80
577	258
579	4
579	10
579	248
579	1136
579	1169
579	4424
579	5118
579	5119
579	6157
582	10
582	5598
583	5
583	80
583	5999
585	8
585	1167
588	13
588	307
590	1
590	6
590	12205
597	4
597	3232
601	4
601	5
601	80
601	7086
603	11
603	14
603	48
605	10
605	416
606	11
606	302
606	519
606	5527
620	117
621	9
621	110
624	8
624	4133
627	18
627	27
630	10
630	4424
631	1
631	74
631	197
632	27
632	4409
632	5640
632	5831
636	13
636	96
637	4
637	80
637	954
641	55
641	157
641	162
641	350
641	422
641	1885
641	2112
641	6254
645	1
645	1170
645	4257
647	14
647	18
647	27
652	27
652	6316
655	13
655	20
655	25
655	144
665	9
665	85
665	5345
668	15
668	689
668	1172
668	5345
669	8
669	9
669	51
670	1
670	93
670	114
670	4233
673	2
673	1801
677	13
677	39
681	5
681	10
681	80
681	416
681	3372
689	9
689	1083
699	74
699	454
704	7
704	27
705	8
705	112
705	342
705	458
706	14
706	27
706	285
717	4
717	5
717	1370
718	15
718	369
718	718
721	267
721	721
726	14
726	60
729	12452
738	8
738	104
738	206
738	2965
748	5778
748	14818
751	1
751	6
751	28
751	1054
780	5659
787	13
787	20
787	2839
794	4
794	5
794	8
794	80
794	95
794	104
794	206
794	267
794	615
794	1096
811	11
811	5627
826	1
826	11
826	79
829	1
829	6
829	14786
829	14787
831	864
831	1678
836	5
836	8
836	80
836	1120
836	2934
842	5
842	80
842	2097
842	6017
857	3
857	13
857	20
857	25
860	4
860	80
860	135
860	1929
865	422
865	6254
881	14
881	526
890	9
890	890
900	6
900	22
900	4039
900	5125
909	2165
916	24
916	3112
921	8
921	9
921	415
923	6
923	924
931	14
931	1024
942	144
944	1
944	2637
951	1
951	3
951	6
951	5141
951	5301
956	13
956	5560
962	6
962	5394
965	15
965	267
965	965
979	33
979	94
979	97
979	343
979	5688
979	5824
996	3
996	999
1005	9
1005	25
1005	65
1005	3232
1010	11
1010	14
1024	1
1024	1051
1033	10
1033	5118
1037	8
1037	9
1037	1909
1051	11
1051	21
1051	2463
1051	3263
1054	1724
1077	33
1077	73
1077	94
1077	155
1077	343
1077	2291
1079	1
1079	2191
1083	31
1092	1037
1092	4425
1094	111
1094	577
1096	5
1096	2888
1097	8
1097	15
1097	104
1097	112
1097	3785
1100	9
1100	25
1100	860
1100	1267
1102	9
1102	188
1103	11
1103	105
1103	119
1103	295
1107	8
1107	1143
1118	14
1118	42
1118	109
1118	155
1118	2291
1120	9
1120	346
1120	517
1120	836
1137	170
1137	315
1137	750
1143	8
1143	9
1143	11
1143	129
1149	4
1149	80
1149	1181
1149	1259
1153	9
1153	69
1157	4
1157	5
1157	30
1157	80
1157	1352
1157	4281
1165	4
1165	5
1165	25
1165	80
1165	3287
1167	9
1167	585
1170	4
1170	80
1170	6240
1171	3735
1172	5
1172	80
1172	1236
1172	5345
1177	92
1179	11
1179	3765
1185	2
1185	13
1185	119
1185	253
1185	857
1185	3722
1185	5841
1190	15
1190	1290
1194	8
1194	15
1194	1277
1194	1288
1194	4549
1197	11
1197	6224
1203	229
1203	712
1204	2
1204	1284
1209	11
1209	229
1209	685
1209	5744
1209	5746
1209	5750
1209	5753
1209	5756
1209	5759
1209	5762
1229	21
1229	4215
1230	13
1230	13425
1233	93
1233	189
1235	124
1235	137
1236	345
1242	14
1242	143
1242	2972
1245	8
1245	9
1245	1220
1245	11555
1250	5
1250	80
1250	4133
1251	1
1251	24
1251	26
1251	4002
1269	9
1269	251
1271	5
1271	685
1272	9
1272	1243
1277	8
1277	4637
1288	33
1288	4248
1300	1
1300	20
1300	921
1300	4807
1302	1
1302	11
1302	3506
1326	94
1326	1755
1328	2222
1328	11481
1344	8
1344	1345
1346	8
1346	15
1346	342
1346	460
1352	16
1352	440
1371	1
1371	1335
1371	3161
1384	1
1384	1596
1412	3
1412	6
1412	6142
1429	10
1429	1997
1494	1
1494	6
1494	5619
1528	6
1528	33
1528	5684
1528	5688
1551	499
1595	1
1595	6
1595	14825
1595	14826
1598	1
1598	3161
1598	5643
1609	8
1609	2729
1613	95
1613	124
1613	492
1613	5404
1635	13
1635	20
1635	886
1636	13
1636	20
1636	2163
1637	13
1637	20
1637	3402
1637	6113
1638	13
1638	20
1638	2984
1639	13
1639	20
1639	3125
1640	13
1640	20
1640	2282
1640	6112
1641	13
1641	20
1641	2987
1642	13
1642	20
1642	2412
1643	13
1643	20
1643	2988
1644	13
1644	20
1644	3127
1645	13
1645	20
1645	2047
1646	13
1646	20
1646	1931
1647	13
1647	20
1647	2430
1647	5336
1648	13
1648	20
1648	3511
1649	13
1649	20
1649	2702
1650	13
1650	20
1650	2553
1651	13
1651	20
1651	2992
1652	13
1652	20
1652	3512
1653	13
1653	20
1653	2554
1693	11
1693	5578
1694	5
1694	80
1694	5440
1724	1
1724	6
1724	58
1724	5108
1724	11455
1736	442
1736	465
1762	385
1762	442
1767	28
1767	11398
1794	10
1794	5467
1817	1755
1817	5330
1817	5717
1832	5
1832	10
1832	80
1832	1352
1832	3221
1832	5261
1909	120
1929	4
1929	80
1929	135
1943	1
1943	6
1943	58
1943	11508
1944	5
1944	10
1944	80
1944	1352
1944	5265
1944	5276
1984	4
1984	2137
2038	10
2038	3881
2043	1
2043	6
2043	5657
2051	11
2051	1242
2066	12453
2094	6098
2100	13
2100	2407
2163	66
2163	613
2166	302
2166	5951
2188	13
2188	20
2188	3635
2191	32
2191	80
2220	14
2220	3453
2225	1
2225	4225
2235	1
2235	88
2235	2814
2291	14
2291	22
2291	97
2291	109
2291	155
2320	25
2320	5729
2336	8
2336	5345
2350	499
2376	14
2376	178
2378	302
2378	6102
2406	41
2406	5653
2411	3058
2416	32
2416	2248
2430	101
2430	3294
2442	21
2442	6199
2463	4
2463	80
2463	5778
2469	21
2469	5778
2470	5830
2492	35
2492	2492
2504	1
2504	24
2504	141
2504	2631
2505	14
2505	7086
2512	1
2512	11
2512	5711
2512	6114
2532	9
2532	740
2576	4
2576	80
2576	11924
2591	668
2591	2336
2593	5
2593	10
2593	80
2593	1352
2593	3881
2593	5259
2593	5273
2637	1
2637	230
2647	5935
2666	1
2666	6
2666	12204
2670	4
2670	80
2670	818
2686	15
2686	6126
2693	14
2693	954
2730	5817
2737	11
2737	350
2739	2
2739	119
2743	3800
2743	11475
2798	11
2798	26
2798	3167
2798	5672
2909	4
2909	80
2909	14099
2938	14
2938	954
2939	10
2939	5119
2960	9
2960	195
2972	4
2972	80
2972	2051
3021	621
3021	11572
3023	342
3023	3895
3024	1
3024	1335
3024	3161
3024	5102
3024	5643
3063	5601
3063	6201
3078	14
3078	1035
3087	1
3087	3
3087	5548
3090	1
3090	8
3090	9
3090	64
3090	119
3090	3838
3103	8249
3120	69
3120	93
3150	153
3150	442
3175	9
3175	1269
3193	11
3193	12
3193	3363
3193	5695
3193	5844
3201	55
3201	4475
3227	11
3227	41
3227	632
3227	5636
3240	6635
3263	1
3263	11
3263	1079
3267	9
3267	95
3283	10
3283	6442
3296	11
3296	14
3296	3415
3356	1
3356	4309
3360	9
3360	870
3393	4
3393	6054
3406	62
3406	122
3415	25
3415	5932
3428	6
3428	13
3428	751
3451	51
3451	256
3451	546
3453	11
3453	3589
3463	9
3463	419
3475	9
3475	419
3479	1
3479	8
3479	9
3479	445
3506	1
3506	78
3506	661
3541	8
3541	9
3541	3541
3557	13
3557	5673
3561	6143
3582	5901
3620	14
3620	60
3638	13
3638	20
3638	4312
3657	11
3657	13
3657	5818
3657	13309
3741	5
3741	5765
3765	4
3765	5
3765	80
3765	642
3793	1
3793	5546
3794	20
3794	122
3798	3633
3806	1
3806	5551
3820	55
3820	4598
3826	4
3826	5406
3838	101
3838	4376
3845	5
3845	7
3845	80
3845	5111
3862	110
3862	2863
3880	66
3880	3523
3899	51
3899	2929
3912	4
3912	5
3912	25
3912	80
3939	11
3939	229
3939	5744
3943	5
3943	14
3943	3341
3968	5
3968	3715
4030	5821
4036	5
4036	1192
4039	1
4039	141
4043	4
4043	5
4043	80
4043	1161
4046	15
4046	6040
4076	4
4076	5
4076	80
4076	956
4085	615
4085	1096
4090	145
4090	496
4115	1
4115	4324
4121	55
4121	6024
4121	6025
4146	11
4146	13
4146	5809
4146	5818
4184	1
4184	5854
4212	1117
4213	621
4213	11572
4230	162
4230	670
4232	342
4232	3723
4233	162
4233	670
4250	3800
4250	11475
4256	13
4256	43
4272	1
4272	5
4272	141
4272	4181
4272	6010
4281	4
4281	5
4281	80
4281	5947
4294	8
4294	4327
4302	108
4302	119
4302	1302
4327	13
4327	1081
4332	117
4332	255
4332	4454
4332	4732
4353	1
4353	6
4353	650
4376	8
4376	9
4376	25
4376	4640
4390	25
4390	5539
4411	1
4411	4
4411	80
4411	2631
4411	4236
4419	83
4419	6250
4431	2222
4438	162
4438	1233
4441	21
4441	4692
4454	5
4454	1268
4489	73
4489	4144
4494	9
4494	1228
4500	15
4500	4537
4501	13
4501	43
4506	21
4506	4748
4517	670
4517	6015
4530	1
4530	3
4530	6
4530	4814
4537	35
4537	4615
4537	5860
4549	8
4549	11556
4570	390
4570	4253
4575	11
4575	5411
4575	5412
4618	5
4618	5744
4619	1
4619	5
4619	5753
4619	5754
4620	1
4620	5
4620	5750
4620	5751
4633	1
4633	5
4633	4364
4633	5762
4633	5763
4637	641
4637	1245
4640	8
4640	9
4640	3373
4652	105
4652	4688
4652	4824
4652	6022
4666	1
4666	64
4666	1267
4666	5569
4677	8
4677	9
4677	101
4677	119
4677	4051
4677	4734
4688	1
4688	5
4688	5759
4688	5760
4691	9
4691	944
4706	6329
4735	13
4735	20
4735	4681
4736	13
4736	20
4736	4682
4737	1290
4737	1582
4738	33
4738	6022
4751	8
4751	9
4751	11
4751	3373
4751	4823
4752	13
4752	1081
4763	13
4763	20
4763	4727
4807	13
4807	921
4814	1
4814	3
4814	6
4814	11509
4823	122
4823	4677
4827	13
4827	20
4827	4801
4840	4
4840	11
4840	4453
4874	1
4874	266
4874	1300
4874	5925
4895	9
4895	13
4895	4874
4895	5925
4895	6148
4896	4916
4916	4677
4916	5569
4919	55
4919	6024
5108	1
5108	5
5108	6
5108	11
5108	80
5108	5437
5108	11455
5125	22
5125	68
5125	1136
5125	6006
5130	4
5130	80
5130	2835
5167	4
5167	5
5167	14
5167	80
5167	161
5200	11
5200	21
5200	5313
5200	5800
5223	4
5223	5
5223	11
5223	80
5223	229
5223	5758
5223	5759
5239	5516
5270	10
5270	1352
5270	5267
5270	5271
5271	6
5271	5270
5274	5
5274	10
5274	80
5274	1352
5274	5263
5274	5275
5301	21
5301	5302
5335	9
5335	13
5335	20
5335	5336
5335	5691
5337	10
5337	4644
5338	10
5338	5596
5345	8
5345	231
5345	279
5345	665
5345	5378
5356	1
5356	127
5356	4805
5359	1
5359	6638
5359	6711
5378	9
5378	111
5378	118
5378	5345
5379	11
5379	26
5381	68
5381	1169
5382	85
5382	117
5382	231
5382	279
5382	13378
5399	124
5399	794
5400	124
5400	159
5401	116
5401	124
5402	31
5402	124
5404	124
5404	5402
5416	1
5416	6
5416	5417
5416	5423
5427	11
5427	13
5427	13309
5437	21
5437	4525
5444	4
5444	5445
5445	4
5445	80
5445	4554
5447	5448
5448	4
5448	5449
5450	1
5450	4
5450	5460
5450	5467
5455	1
5455	6
5455	5457
5461	10
5461	5449
5512	262
5512	672
5519	37
5519	84
5520	11
5520	430
5533	11
5533	322
5535	6
5535	4076
5535	11482
5552	6250
5560	20
5560	5535
5565	7
5565	3680
5576	4
5576	5577
5577	4
5577	5
5577	80
5577	5580
5578	5604
5581	4
5581	5
5581	80
5581	5582
5583	4
5583	5
5583	80
5583	5584
5600	5601
5600	6201
5634	4
5634	80
5634	5635
5635	5832
5662	1
5662	4
5662	11
5662	80
5662	322
5662	4002
5662	5533
5665	4
5665	99
5673	55
5673	5675
5674	55
5674	5676
5686	8
5686	5696
5688	9
5688	33
5688	42
5688	5699
5689	12
5689	5695
5691	5692
5691	5694
5692	212
5692	5698
5693	5692
5693	5694
5694	5693
5694	11433
5697	13
5697	5686
5698	1
5698	5699
5699	14
5699	22
5699	109
5699	5688
5699	5698
5700	33
5700	5699
5701	42
5701	5699
5702	9
5702	5699
5714	14
5714	1401
5715	14
5715	302
5745	4
5745	5
5745	11
5745	80
5745	229
5745	4246
5745	5746
5747	1
5747	5
5747	5746
5747	5748
5749	4
5749	5
5749	11
5749	229
5749	5748
5749	5750
5752	4
5752	5
5752	11
5752	229
5752	5751
5752	5753
5755	4
5755	5
5755	11
5755	229
5755	5754
5755	5756
5757	1
5757	5
5757	5756
5757	5758
5761	4
5761	5
5761	11
5761	229
5761	5760
5761	5762
5764	4
5764	5
5764	229
5764	249
5764	5763
5766	11
5766	5768
5776	3167
5776	6453
5800	1
5800	6
5800	5801
5801	21
5801	5802
5802	1
5802	5803
5803	21
5803	5804
5804	1
5804	6
5804	5805
5809	11
5809	5810
5812	1
5812	6
5812	5813
5813	21
5813	5814
5814	1
5814	6
5814	5815
5818	21
5818	828
5818	6245
5820	5821
5827	4
5827	5828
5841	253
5841	442
5852	1
5852	3
5852	544
5852	6207
5860	35
5860	5861
5889	8
5889	9
5889	5890
5893	8
5893	9
5893	5894
5898	8
5898	9
5898	5899
5921	20
5921	6250
5922	58
5922	5923
5923	6148
5928	8
5928	9
5928	5929
5931	25
5931	42
5936	4
5936	80
5936	2946
5947	1
5947	4
5947	25
5947	5938
5947	5946
5966	1
5966	127
5966	4742
5966	14781
5966	14813
5973	162
5973	1233
5983	20
5983	100
5985	4
5985	804
5993	20
5993	24
5999	4
5999	80
5999	546
6002	4
6002	2170
6006	14463
6007	1
6007	5
6007	80
6007	671
6007	14463
6010	22
6010	4181
6010	5125
6016	181
6016	259
6016	6016
6023	1
6023	6023
6024	55
6024	6025
6026	6251
6026	6253
6037	1582
6037	3692
6055	9
6055	25
6055	6054
6055	6056
6056	11
6056	6057
6059	14
6059	11824
6099	3
6099	1328
6099	7271
6124	9
6124	319
6124	346
6124	517
6126	1582
6126	2686
6143	4546
6143	6147
6145	4
6145	6144
6202	6203
6205	1
6205	6
6205	14784
6235	1371
6235	2734
6244	14
6244	33
6249	20
6249	6250
6250	8
6250	9
6250	4419
6251	6025
6251	6252
6369	9
6369	586
6442	1
6442	6231
6452	3167
6452	6453
6459	13
6459	5674
6548	4
6548	24
6548	80
6581	11
6581	6582
6600	3
6600	698
6600	1328
6600	7102
6604	283
6604	6606
6637	6638
6641	6640
6676	2222
6676	11481
6677	1
6677	3
6677	6678
6715	24
6715	527
6723	6714
6749	4
6749	80
6749	9821
6749	9824
6754	4
6754	6755
6756	1
6756	3
6756	6757
6790	1
6790	6
6790	11148
6790	14866
6893	111
6893	222
6899	1
6899	3
6899	4
6899	80
6899	7490
6899	11150
7083	1
7083	6
7083	1352
7083	2083
7086	1
7086	3
7086	5852
7088	48
7088	2124
7090	7091
7096	1
7096	3
7096	7097
7098	3
7098	698
7098	1328
7098	7097
7101	3
7101	698
7101	1328
7101	6600
7118	24
7118	512
7208	1
7208	3
7208	7216
7212	1
7212	3
7212	7213
7281	986
7281	7282
7490	1
7490	6
7490	11150
7535	1
7535	6
7535	14849
7535	14850
7535	14851
7715	1
7715	6711
7836	8
7836	11472
7838	13
7838	6397
8604	8639
8604	12095
8639	12096
8825	5
8825	80
8825	4453
9811	9812
9812	4
9812	80
9812	9813
9814	14
9814	180
9815	14
9815	180
9818	9819
9820	91
9820	512
9823	30
9823	9811
9880	1
9880	3
9880	28
9880	2759
9880	11938
9880	11941
10700	1
10700	6
10700	13636
10905	5659
10905	5831
11036	1
11036	6
11036	14839
11036	14840
11088	1
11088	6
11088	14870
11356	13
11356	5859
11383	11412
11422	1
11422	3
11422	11429
11422	11431
11422	11432
11432	5693
11432	11433
11457	1
11457	3
11457	4044
11472	9
11472	7838
11482	20
11482	5535
11509	1
11509	4
11509	6
11509	4840
11519	58
11519	571
11541	21
11541	84
11541	11542
11555	8
11555	1284
11713	1
11713	6
11713	3012
11929	11934
11937	6
11937	1328
11937	11405
11948	100
11948	11949
12095	12096
12126	1
12126	28
12126	195
12214	5382
12214	12215
12371	6801
12448	132
12448	10858
12621	1
12621	3
12621	12623
12834	12835
12838	2222
12988	26
12988	12989
12989	33
12989	47
13309	21
13309	2059
13378	68
13378	231
13624	1
13624	3
13624	13629
13624	13631
13631	1
13631	3
13631	13634
13637	1
13637	6
13637	13638
13638	4
13638	80
13638	10700
14039	1
14039	6
14039	14857
14039	14858
14039	14859
14040	1
14040	6
14040	14800
14040	14802
14082	1
14082	3
14082	14089
14086	22
14086	14087
14089	4
14089	80
14089	14090
14095	22
14095	14096
14097	11
14097	805
14098	1
14098	3
14098	2909
14107	22
14107	14108
14117	14118
14119	91
14119	14120
14180	4
14180	80
14180	1031
14453	1
14453	6
14453	14845
14556	1
14556	6
14556	14854
14781	14782
14813	14814
14818	4
14818	32
14818	80
14818	14819
14852	1
14852	6
14852	14853
