1	1
1	2
1	3
1	4
1	5
1	7
1	8
1	9
1	10
1	11
1	13
1	14
1	15
1	20
1	21
1	22
1	25
1	26
1	30
1	33
1	35
1	37
1	41
1	42
1	44
1	47
1	51
1	58
1	60
1	63
1	65
1	66
1	69
1	75
1	77
1	80
1	84
1	85
1	86
1	88
1	93
1	95
1	97
1	99
1	101
1	105
1	106
1	109
1	112
1	114
1	117
1	121
1	126
1	132
1	134
1	135
1	137
1	140
1	144
1	146
1	147
1	153
1	155
1	160
1	161
1	162
1	167
1	169
1	178
1	180
1	181
1	188
1	189
1	195
1	197
1	212
1	214
1	234
1	242
1	250
1	252
1	255
1	256
1	257
1	259
1	262
1	267
1	270
1	281
1	283
1	294
1	299
1	319
1	330
1	334
1	342
1	344
1	345
1	352
1	365
1	385
1	387
1	460
1	463
1	465
1	475
1	526
1	536
1	545
1	559
1	571
1	585
1	645
1	655
1	666
1	668
1	670
1	740
1	800
1	836
1	860
1	864
1	870
1	881
1	890
1	1024
1	1063
1	1132
1	1187
1	1228
1	1233
1	1268
1	1290
1	1304
1	1367
1	1368
1	1419
1	1678
1	1762
1	1962
1	2336
1	2741
1	2929
1	3058
1	3089
1	3150
1	3341
1	3419
1	3453
1	3523
1	3539
1	3589
1	3684
1	3723
1	3802
1	3895
1	3912
1	4186
1	4233
1	4376
1	4462
1	4546
1	4575
1	4640
1	4677
1	4691
1	4730
1	4734
1	4824
1	4895
1	4896
1	5172
1	5255
1	5345
1	5402
1	5404
1	5411
1	5412
1	5448
1	5569
1	5601
1	5691
1	5698
1	5817
1	5822
1	5841
1	5887
1	5922
1	5923
1	5925
1	5947
1	5973
1	5974
1	6015
1	6016
1	6022
1	6056
1	6101
1	6135
1	6141
1	6147
1	6148
1	6193
1	6201
1	6377
1	6714
1	7838
1	9812
1	9819
1	9824
1	10858
1	11427
1	11440
1	11481
1	11542
1	11824
1	11828
1	11934
1	11950
1	14087
1	14096
1	14108
1	14118
2	2
2	3
2	6
2	8
2	9
2	10
2	11
2	13
2	15
2	16
2	18
2	20
2	24
2	25
2	35
2	40
2	44
2	46
2	55
2	61
2	63
2	64
2	68
2	74
2	75
2	81
2	83
2	85
2	91
2	93
2	105
2	111
2	112
2	117
2	119
2	131
2	144
2	152
2	154
2	169
2	197
2	201
2	206
2	227
2	231
2	234
2	236
2	252
2	286
2	345
2	354
2	361
2	363
2	364
2	365
2	415
2	416
2	446
2	447
2	458
2	459
2	460
2	498
2	531
2	575
2	627
2	647
2	669
2	686
2	692
2	705
2	857
2	882
2	886
2	993
2	1102
2	1134
2	1167
2	1212
2	1299
2	1345
2	1346
2	1909
2	1931
2	2047
2	2163
2	2282
2	2412
2	2430
2	2553
2	2554
2	2702
2	2839
2	2876
2	2984
2	2987
2	2988
2	2992
2	3082
2	3125
2	3127
2	3160
2	3175
2	3287
2	3291
2	3373
2	3402
2	3406
2	3492
2	3511
2	3512
2	3541
2	3785
2	3838
2	4030
2	4133
2	4257
2	4327
2	4352
2	4376
2	4419
2	4494
2	4556
2	4640
2	4681
2	4702
2	4734
2	4752
2	4807
2	4823
2	4846
2	4877
2	4882
2	4919
2	5172
2	5336
2	5345
2	5378
2	5691
2	5820
2	5890
2	5894
2	5899
2	5928
2	5929
2	5983
2	5993
2	6112
2	6113
2	6397
2	9332
2	11436
2	11472
2	14899
3	1
3	4
3	6
3	8
3	11
3	14
3	20
3	22
3	24
3	25
3	26
3	36
3	42
3	71
3	80
3	84
3	85
3	111
3	127
3	135
3	136
3	161
3	167
3	236
3	248
3	349
3	415
3	441
3	455
3	504
3	527
3	577
3	655
3	693
3	709
3	1179
3	1929
3	2051
3	2582
3	3232
3	3340
3	3912
3	4186
3	4236
3	4246
3	4281
3	4575
3	4631
3	5345
3	5445
3	5577
3	5748
3	5751
3	5754
3	5758
3	5760
3	5763
3	5778
3	5938
3	5947
3	6002
3	7335
3	11638
3	11948
3	14090
3	14099
4	1
4	3
4	544
4	698
4	1104
4	1161
4	1328
4	2759
4	2909
4	3758
4	4044
4	5298
4	5301
4	5852
4	6600
4	6678
4	6757
4	7097
4	7102
4	7213
4	7216
4	7271
4	7490
4	11429
4	11431
4	11432
4	12623
4	13629
4	13631
4	13634
4	14089
5	1
5	4
5	6
5	11
5	80
5	129
5	650
5	1328
5	1352
5	1641
5	2083
5	3741
5	4039
5	5141
5	5290
5	5294
5	5298
5	5300
5	5301
5	5417
5	5418
5	5419
5	5423
5	5457
5	5585
5	5619
5	5657
5	5801
5	5805
5	5813
5	5815
5	11405
5	12204
5	12205
5	13636
5	13638
6	3
6	5
6	7
6	9
6	11
6	14
6	22
6	24
6	25
6	26
6	42
6	80
6	111
6	127
6	143
6	161
6	199
6	236
6	343
6	415
6	441
6	445
6	504
6	577
6	685
6	870
6	1236
6	1268
6	2582
6	2637
6	2652
6	3082
6	3287
6	3340
6	3341
6	3912
6	4133
6	4181
6	4281
6	4575
6	4631
6	5379
6	5744
6	5746
6	5750
6	5753
6	5756
6	5759
6	5762
6	5765
6	5947
6	6010
6	11437
6	14463
7	1
7	3
7	6
7	11
7	27
7	30
7	80
7	295
7	544
7	650
7	698
7	1104
7	1161
7	1328
7	1352
7	2083
7	2191
7	2759
7	2909
7	3758
7	4044
7	4642
7	5141
7	5290
7	5294
7	5298
7	5300
7	5301
7	5417
7	5418
7	5419
7	5457
7	5585
7	5619
7	5640
7	5657
7	5801
7	5803
7	5805
7	5813
7	5815
7	5852
7	6600
7	6635
7	6678
7	6757
7	7097
7	7102
7	7213
7	7216
7	7271
7	11405
7	11429
7	11431
7	11432
7	11939
7	12204
7	12205
7	12623
7	13629
7	13631
7	13634
7	13636
7	13638
7	14089
8	2
8	8
8	1284
8	1801
8	5841
9	1
9	2
9	4
9	5
9	8
9	10
9	11
9	15
9	35
9	46
9	73
9	74
9	80
9	103
9	106
9	112
9	117
9	147
9	153
9	227
9	236
9	242
9	253
9	262
9	277
9	385
9	442
9	465
9	627
9	647
9	672
9	718
9	1081
9	1112
9	2876
9	3082
9	3287
9	4133
9	4257
9	4454
9	5765
9	5925
10	1
10	4
10	5
10	8
10	9
10	11
10	13
10	20
10	24
10	36
10	40
10	58
10	80
10	91
10	100
10	136
10	141
10	154
10	512
10	527
10	531
10	681
10	3112
10	3160
10	6255
10	11949
10	14120
11	8
11	9
11	22
11	68
11	1909
11	3981
11	5516
11	5604
11	5935
11	6640
12	6250
13	1
13	2
13	9
13	64
13	73
13	106
13	108
13	119
13	147
13	242
13	262
13	295
13	385
13	4051
14	1
14	8
14	9
14	13
14	20
14	22
14	63
14	64
14	80
14	88
14	108
14	126
14	152
14	1596
14	5890
14	5894
14	5899
15	1
15	8
15	75
15	1170
16	1
16	6
16	111
16	122
16	1352
16	2083
16	4281
17	1
17	5546
18	9
18	250
19	1
19	2
19	11
19	21
19	73
19	84
19	399
19	828
19	1037
19	1079
19	1152
19	1733
19	2059
19	2463
19	3391
19	3446
19	4157
19	4160
19	4425
19	4728
19	5198
19	5199
19	5302
19	5312
19	5778
19	5802
19	5804
19	5812
19	5814
19	6199
19	6245
19	11542
20	8
20	9
20	119
20	147
20	212
21	147
21	3539
22	1
22	4
22	5
22	8
22	11
22	15
22	24
22	35
22	74
22	104
22	112
22	206
22	251
22	361
22	454
22	1136
22	3340
22	3589
22	3981
22	6201
22	6203
22	6762
22	11437
24	8
24	9
24	10
24	22
24	83
24	227
24	624
24	979
24	1077
24	1136
24	2727
24	3341
24	3939
24	4256
24	4341
24	5135
24	6250
24	6442
25	1
25	4
25	5
25	8
25	9
25	10
25	11
25	13
25	14
25	20
25	26
25	64
25	80
25	119
25	217
25	334
25	415
25	624
25	669
25	2987
25	3287
25	3541
25	5928
25	5929
25	6112
25	9332
26	11
26	22
26	25
26	36
26	141
26	166
26	233
26	302
26	671
26	957
26	1169
26	1179
26	1250
26	1267
26	3232
26	3465
26	5381
26	5527
26	5528
26	5817
26	5946
26	6054
27	1
27	7
27	67
27	125
28	1
28	30
28	111
28	122
28	244
28	3912
28	4281
28	9825
28	11481
28	11935
28	11939
29	4
29	52
29	80
29	103
29	167
31	615
31	668
33	8
33	13
33	20
33	24
33	227
33	5993
35	8
35	44
35	201
36	1
36	8
36	11
36	22
36	74
37	8
37	9
37	10
37	13
37	20
37	65
37	101
37	1259
37	2412
37	3838
37	5596
37	5598
37	5729
39	13
39	39
40	10
40	681
41	8
41	9
41	10
41	11
41	13
41	20
41	133
41	886
41	1092
41	1212
41	3341
42	8
42	9
42	30
42	91
42	97
42	122
42	1118
42	1352
43	9
43	15
43	229
43	645
43	1170
43	4631
43	4738
43	5893
43	5898
44	1
44	9
44	13
44	20
44	35
44	46
44	55
44	58
44	74
44	105
44	942
44	1304
44	3794
44	4494
44	4895
44	5922
46	8
46	13
46	15
46	35
46	46
46	112
47	10
47	13
47	20
47	1931
47	2727
49	8
49	9
49	13
49	14
49	20
49	25
49	35
49	36
49	122
49	152
49	2984
49	3082
49	3406
49	3794
49	4823
49	6113
51	4
51	5
51	25
51	80
51	127
51	1327
51	1419
51	7097
51	7099
55	8
55	9
55	112
55	475
58	4
58	8
58	9
58	10
58	11
58	22
58	80
58	234
58	4376
58	4734
60	1
60	4233
61	9
61	13
61	16
61	255
62	11
62	13
62	20
62	179
62	2163
63	9
63	13
63	14
63	46
63	55
63	74
63	75
63	112
63	128
63	269
63	354
63	447
63	1064
63	3691
63	3785
63	4121
63	4352
63	11435
64	8
64	9
64	13
64	20
64	22
64	25
64	63
64	108
64	144
64	169
64	352
64	2282
64	4640
64	11355
65	1
65	10
65	13
65	14
65	20
65	22
65	37
65	55
65	78
65	661
65	979
65	2218
65	2553
65	2737
65	4377
65	5820
66	13
66	21
66	3446
66	4157
66	4160
66	4432
66	4728
67	6019
68	11
68	22
68	117
68	5125
68	5381
68	13378
73	13
73	20
73	2430
74	9
74	22
74	1269
74	4085
74	4631
74	4691
75	8
75	9
75	13
75	15
75	25
75	29
75	43
75	46
75	55
75	63
75	74
75	105
75	354
75	447
75	3785
75	5326
77	9
77	11
77	134
77	327
78	13
78	14
78	20
78	22
78	463
78	3512
79	13
79	20
79	25
79	166
79	3511
80	1
80	3
80	6
80	7
80	11
80	27
80	33
80	94
80	97
80	129
80	343
80	544
80	650
80	1104
80	1352
80	1641
80	2083
80	2759
80	2909
80	3291
80	3741
80	3758
80	4039
80	4044
80	5141
80	5290
80	5294
80	5298
80	5300
80	5301
80	5417
80	5457
80	5815
80	5819
80	5852
80	6245
80	6757
80	7097
80	7213
80	7216
80	7490
80	11429
80	11431
80	11432
80	12204
80	12205
80	12623
80	13629
80	13631
80	13634
80	13636
80	13638
80	14089
81	55
81	74
81	104
81	105
81	354
81	447
81	3785
82	13
82	14
82	20
82	22
82	25
82	146
82	1179
82	2839
83	10
83	1209
84	1
84	4
84	24
84	1548
84	3589
85	8
85	15
85	25
85	104
85	112
85	231
85	279
85	352
85	354
87	120
88	5
88	7
88	30
88	126
88	244
88	870
89	267
89	615
89	2336
89	2591
91	10
91	1169
91	4462
92	5
92	80
92	85
92	1236
93	4
93	5
93	10
93	30
93	55
93	80
93	111
93	681
93	1352
93	3892
95	8
95	85
95	615
95	1094
95	5345
97	8
97	9
97	13
97	14
97	20
97	22
97	42
97	55
97	112
97	283
97	302
97	669
97	957
97	2291
97	3125
97	4352
100	10
100	2876
101	4
101	5
101	8
101	9
101	80
101	234
101	415
101	504
101	9332
103	13
103	29
103	498
104	8
104	81
105	8
105	9
105	15
105	106
105	119
105	299
106	1
106	1168
109	58
109	68
109	100
109	6006
111	9
111	546
112	8
112	63
116	4
116	5
116	8
116	80
116	93
116	577
117	1
117	20
117	119
117	199
117	1168
117	5382
117	12215
118	4
118	5
118	11
118	68
118	80
118	85
118	111
118	117
118	231
118	236
118	279
118	3506
118	11437
120	13
120	20
120	4681
121	8
121	117
123	13
123	20
123	25
123	233
123	2047
124	8
124	446
125	22
125	80
125	88
125	126
125	244
126	1
126	125
128	55
128	6138
128	6139
129	13
129	341
129	448
129	4432
129	4574
129	5859
129	11356
130	4
130	9
130	35
130	80
130	119
130	262
130	294
130	655
130	3794
130	4734
131	2
131	13
131	39
131	55
131	74
131	105
131	206
131	342
132	1
132	67
133	8
133	9
133	993
135	13
135	20
135	21
135	1152
135	2988
140	357
140	615
141	11
141	4424
143	5
143	16
143	65
143	101
143	364
143	415
143	440
143	445
144	8
144	9
144	35
144	119
144	242
144	387
146	1371
146	2734
148	4
148	5
148	13
148	20
148	30
148	80
148	2702
148	3912
149	1
149	4
149	5
149	11
149	22
149	36
149	80
149	122
152	13
152	20
152	3402
155	73
155	4144
156	13
156	251
156	5809
156	13425
157	60
157	162
157	670
157	4233
158	1
158	24
158	36
158	311
158	417
159	275
159	615
163	8
163	13
163	2876
163	5983
169	9
169	327
170	147
170	3089
173	4
173	11
173	229
173	685
173	693
177	1755
177	5330
177	5717
179	86
179	134
183	13
183	20
183	25
183	141
183	2554
184	8
184	111
186	22
186	126
187	1
187	6
187	5418
187	5419
188	13
188	14
188	20
188	109
188	2992
195	55
195	5681
195	6062
196	13
196	4030
197	4
197	8
197	80
197	236
197	3232
198	257
199	231
199	6019
201	13
201	46
203	15
203	4913
206	8
206	131
206	342
208	615
208	2995
212	121
212	147
212	442
214	8
214	364
217	8
217	9
217	692
222	11
222	84
226	4
226	71
226	80
227	9
227	33
229	10
229	1209
229	3939
229	4688
229	6022
229	6025
229	6251
229	6252
229	6253
232	4
232	5
232	42
232	80
232	6201
234	8
234	9
234	58
234	101
234	3294
234	4376
234	4734
234	5928
235	13
235	341
236	9
236	197
236	1159
239	8
239	9
239	705
239	881
243	615
243	5396
244	88
244	399
247	615
247	2888
248	11
248	68
248	1136
248	1169
248	4424
248	6157
249	13
249	20
249	154
250	8
250	18
251	1
251	22
251	25
251	108
251	254
251	885
251	11355
252	8
252	9
252	252
254	1
254	4
254	11
254	80
254	166
254	1179
255	8
255	61
257	8
257	345
258	8
258	197
263	4
263	5
263	8
263	10
263	80
263	441
263	1077
263	1102
267	221
269	55
269	2737
269	3892
269	5980
270	1
270	13
270	22
270	128
270	645
270	4730
270	4927
270	6128
270	6139
275	85
275	636
275	5345
277	8
277	103
277	208
277	277
279	9
279	4691
280	1
280	6
280	5290
281	8
281	15
281	104
281	112
281	447
281	7836
283	33
283	97
286	13
286	39
286	44
286	55
286	74
286	105
286	330
286	342
286	361
286	536
288	8
288	9
288	25
288	83
288	169
288	4419
293	208
294	121
294	262
294	442
297	42
297	155
299	8
299	15
299	35
299	104
299	105
299	106
299	206
299	361
299	363
299	442
299	705
299	1346
301	20
301	117
310	8
310	231
311	1
311	5
311	11
311	26
311	80
311	417
311	5379
312	8
312	3291
314	1
314	8
314	627
320	33
320	94
320	97
320	343
320	1755
320	5824
322	4
322	11
322	80
322	527
322	6157
327	13
327	20
327	3406
329	1
329	352
329	615
329	6023
330	242
330	672
337	27
337	295
341	13
341	448
342	5
342	33
342	80
342	94
342	97
342	343
343	2
343	8
343	15
343	35
343	44
343	63
343	75
343	112
343	342
343	3723
343	3802
343	3895
344	55
344	5980
345	5
345	11
345	80
345	199
346	6124
347	13
347	20
347	40
348	105
348	4851
348	5888
348	5897
350	162
350	165
350	5973
352	14
352	85
354	9
354	85
354	111
354	118
354	5345
357	33
357	352
357	4257
360	8
360	9
360	206
360	559
361	8
361	35
361	286
361	342
362	8
362	9
362	330
362	361
363	8
363	459
364	8
364	9
364	214
364	363
365	8
365	364
365	415
365	1346
369	103
369	718
378	1
378	1081
380	14
380	106
386	99
386	135
387	121
387	242
387	442
388	10
388	5135
390	88
390	399
392	615
392	644
407	13
407	20
407	25
407	671
407	3127
407	3465
415	4
415	5
415	80
415	504
416	13
416	40
416	269
416	681
430	1
430	931
430	3741
432	4
432	709
437	25
437	33
437	77
437	1250
440	5
440	80
440	143
441	1
441	5
441	80
441	3082
441	3340
445	80
445	101
445	234
445	4376
446	52
446	103
447	9
447	111
447	279
447	281
448	13
448	11356
455	3
455	9
455	13
455	3150
458	13
458	14
458	39
458	55
458	63
458	105
458	342
458	460
458	705
459	13
459	39
459	55
459	105
459	363
460	13
460	55
460	75
460	105
460	342
460	365
460	1346
463	1
463	78
463	3506
468	1
468	3
468	6
468	5298
468	5300
469	4
469	80
469	84
472	5
472	7
472	870
475	8
475	14
475	15
475	35
475	55
475	104
475	206
475	299
475	361
475	363
475	705
475	1346
479	6762
483	1
483	3
483	3758
490	8
490	9
490	531
491	14
491	22
491	1962
492	95
492	5402
493	5
493	8
493	80
493	2637
493	2652
493	3175
498	8
498	277
498	718
506	302
506	5528
526	8
526	106
526	365
526	672
527	10
527	6157
534	1
534	8
534	647
535	1
535	6
535	5294
542	14
542	22
542	97
542	155
542	1118
544	1
544	6
544	11
544	80
544	5585
559	147
559	672
565	1
565	3
565	1104
568	1
568	13
568	921
570	55
570	6062
579	4
579	10
579	248
579	1136
579	1169
579	4424
579	5118
579	5119
579	6157
582	10
582	5598
585	8
585	1167
590	1
590	6
590	12205
591	13
591	1064
597	4
597	3232
605	10
605	416
605	681
606	302
606	5527
615	22
615	4085
618	4
618	5
618	8
618	4575
618	14899
624	8
624	4133
625	8
625	686
630	10
630	4424
631	1
631	74
631	197
632	27
632	5640
632	5831
641	8
641	416
642	1
642	3
642	1161
644	4
644	85
644	5345
645	1
645	8
645	1170
645	4257
655	9
655	13
655	20
655	25
655	119
655	144
655	385
655	1762
666	680
668	1172
668	5345
670	1
670	93
670	114
670	4233
673	2
673	84
673	118
673	1801
677	13
677	39
680	8
680	9
680	11
680	47
680	4877
681	10
681	416
686	4136
692	8
692	9
692	4877
699	74
699	454
704	7
704	27
705	8
705	112
705	342
705	458
718	8
718	369
718	718
729	12452
780	5659
787	13
787	20
787	2839
794	615
794	1096
811	11
811	5627
821	21
821	3391
826	1
826	11
826	79
828	5819
831	8
831	864
831	1134
831	1678
842	1
842	687
842	2097
842	11907
860	4
860	80
860	135
860	1929
864	8
864	3492
881	14
881	526
882	8
882	10
884	135
884	334
885	11
885	22
885	68
885	5817
890	9
890	890
900	6
900	22
900	4039
900	5125
916	24
916	3112
921	8
921	9
921	415
931	14
931	1024
944	1
944	2637
951	1
951	3
951	6
951	5141
951	5301
979	33
979	94
979	97
979	343
979	5688
979	5824
988	9
988	160
993	8
993	9
993	4702
993	4846
993	4882
1005	9
1005	25
1005	65
1005	3232
1024	1
1024	1051
1033	10
1033	5118
1037	8
1037	9
1037	1909
1040	800
1050	4
1050	5
1050	8
1050	9
1050	80
1050	1212
1050	4631
1051	11
1051	21
1051	2463
1051	3263
1063	10
1063	11
1063	1092
1079	1
1079	2191
1081	8
1081	68
1083	689
1092	1037
1092	4425
1094	8
1094	111
1094	577
1094	5378
1096	4
1096	80
1096	5345
1097	8
1097	15
1097	104
1097	112
1097	3785
1100	9
1100	25
1100	860
1100	1267
1101	231
1101	3291
1102	9
1102	188
1103	11
1103	105
1103	119
1103	295
1118	14
1118	42
1118	109
1118	155
1118	2291
1120	9
1120	836
1127	22
1127	48
1132	1
1132	3272
1134	13
1134	882
1149	1259
1153	9
1153	69
1157	4
1157	5
1157	30
1157	80
1157	1352
1157	4281
1161	4642
1165	4
1165	5
1165	25
1165	80
1165	3287
1167	9
1167	585
1172	5
1172	80
1172	1236
1172	5345
1177	9
1177	137
1179	11
1179	3765
1185	2
1185	9
1185	13
1185	857
1185	5841
1187	13
1187	4121
1188	4
1188	349
1197	11
1197	6224
1204	2
1204	1284
1209	11
1209	229
1209	685
1209	5744
1209	5746
1209	5750
1209	5753
1209	5756
1209	5759
1209	5762
1212	8
1212	9
1212	692
1217	1
1217	37
1217	4377
1228	13
1228	35
1230	13
1230	13425
1233	93
1233	189
1236	345
1240	3419
1250	5
1250	80
1250	4133
1260	8
1269	9
1269	251
1271	5
1271	685
1279	8
1279	4556
1281	13
1281	1299
1290	1
1290	4730
1300	1
1300	20
1300	921
1300	4807
1302	1
1302	11
1302	3506
1304	14
1304	1268
1326	94
1326	1755
1328	30
1328	2222
1328	11481
1344	8
1344	1345
1346	8
1346	15
1346	342
1346	460
1352	16
1352	440
1353	1
1353	11
1384	1
1384	1596
1412	4
1412	136
1419	37
1419	97
1449	242
1449	1978
1451	615
1451	6188
1494	1
1494	6
1494	5619
1528	9
1528	20
1528	33
1528	5172
1528	5688
1613	95
1613	5404
1635	13
1635	20
1635	886
1636	13
1636	20
1636	2163
1637	13
1637	20
1637	3402
1637	6113
1638	13
1638	20
1638	2984
1639	13
1639	20
1639	3125
1640	13
1640	20
1640	2282
1640	6112
1641	13
1641	20
1641	2987
1642	13
1642	20
1642	2412
1643	13
1643	20
1643	2988
1644	13
1644	20
1644	3127
1645	13
1645	20
1645	2047
1646	13
1646	20
1646	1931
1647	13
1647	20
1647	2430
1647	5336
1648	13
1648	20
1648	3511
1649	13
1649	20
1649	2702
1650	13
1650	20
1650	2553
1651	13
1651	20
1651	2992
1652	13
1652	20
1652	3512
1653	13
1653	20
1653	2554
1674	140
1693	11
1693	5578
1697	615
1697	6311
1736	121
1736	442
1736	465
1762	121
1762	385
1762	442
1817	1755
1817	5330
1817	5717
1861	30
1861	11481
1880	6101
1909	120
1929	4
1929	80
1929	135
1977	242
1977	1978
2043	1
2043	6
2043	5657
2059	6245
2066	12453
2094	6098
2133	9
2133	60
2191	32
2191	80
2220	14
2220	3453
2291	14
2291	22
2291	155
2315	1
2315	4
2315	5
2315	80
2315	2582
2315	11811
2336	8
2336	5345
2353	1367
2354	5822
2355	1368
2376	14
2376	178
2411	3058
2430	101
2430	3294
2442	21
2442	6199
2463	4
2463	80
2463	5778
2469	21
2469	5778
2470	5830
2504	1
2504	24
2504	141
2504	2631
2532	9
2532	740
2553	9
2553	5173
2591	668
2591	2336
2637	1
2637	230
2647	5935
2666	1
2666	6
2666	12204
2686	1
2686	6128
2730	13
2730	20
2730	3160
2730	5817
2737	11
2737	162
2737	350
2737	5974
2739	2
2739	13
2739	119
2739	2741
2741	4896
2743	3800
2743	11475
2798	11
2798	3167
2814	7103
2909	4
2909	80
2909	14099
2939	10
2939	5119
2960	9
2960	195
2972	4
2972	80
2972	2051
2987	6
2987	1641
2987	3741
2999	41
2999	5887
3023	342
3023	3895
3063	5601
3063	6201
3090	1
3090	8
3090	9
3090	64
3090	119
3090	3838
3120	69
3120	93
3150	121
3150	153
3150	442
3160	10
3160	3657
3175	9
3175	1269
3227	11
3227	5636
3240	6635
3263	11
3263	73
3263	1079
3263	5198
3267	9
3267	95
3283	10
3283	6442
3356	1
3356	4309
3360	9
3360	870
3406	62
3406	122
3410	13
3410	3691
3434	127
3434	1327
3434	7099
3451	51
3451	256
3451	546
3453	11
3453	3589
3492	8
3492	9
3492	13
3492	55
3492	112
3492	4352
3506	1
3506	78
3506	661
3539	121
3539	155
3541	8
3541	9
3541	3541
3546	9
3546	137
3561	6143
3657	11
3657	13
3657	5818
3657	13309
3741	5
3741	5765
3793	1
3793	5546
3794	20
3794	122
3798	3633
3803	10
3803	4341
3838	8
3838	9
3838	101
3838	4376
3862	110
3862	5869
3880	66
3880	3523
3883	4896
3892	9
3892	344
3899	51
3899	2929
3912	4
3912	5
3912	25
3912	80
3939	11
3939	229
3939	5744
3943	5
3943	14
3943	3341
3972	4
3972	5
3972	10
3972	80
3972	3340
3972	4462
3979	22
3979	424
4006	9
4006	137
4039	1
4039	141
4052	11
4052	3063
4052	5600
4079	8
4079	4352
4085	275
4085	352
4085	357
4085	615
4085	644
4085	668
4085	934
4085	1094
4085	1096
4085	2591
4085	2888
4085	2995
4085	5396
4085	6187
4085	6188
4085	6311
4115	1
4115	4324
4121	55
4121	6024
4121	6025
4146	11
4146	13
4146	5809
4146	5818
4184	1
4184	5854
4186	4052
4230	162
4230	670
4232	342
4232	3723
4233	162
4233	670
4250	3800
4250	11475
4256	13
4256	43
4272	1
4272	5
4272	141
4272	4181
4272	6010
4281	4
4281	5
4281	80
4281	5947
4283	342
4283	3802
4294	8
4294	4327
4302	108
4302	119
4302	1302
4327	13
4327	1081
4332	117
4332	255
4332	4454
4332	4732
4352	11
4352	1134
4353	1
4353	6
4353	650
4376	8
4376	9
4376	25
4376	4640
4411	1
4411	4
4411	80
4411	2631
4411	4236
4419	83
4419	6250
4421	42
4421	666
4438	162
4438	1233
4442	22
4442	118
4454	5
4454	1268
4478	1
4478	9
4478	74
4478	1112
4478	1187
4489	73
4489	4144
4494	9
4494	1228
4501	13
4501	43
4517	670
4517	6015
4556	8
4556	4752
4575	11
4575	5411
4575	5412
4618	5
4618	5744
4619	1
4619	5
4619	4174
4619	4180
4619	5753
4619	5754
4620	5
4620	5750
4633	5
4633	5762
4640	8
4640	9
4640	3373
4642	4
4642	4186
4652	15
4652	105
4652	4688
4652	4824
4652	4932
4652	6022
4666	1
4666	1267
4677	8
4677	9
4677	101
4677	119
4677	4051
4677	4734
4688	5
4688	229
4688	4738
4688	5759
4691	9
4691	944
4700	8
4700	9
4700	4846
4702	105
4702	4851
4735	13
4735	20
4735	4681
4737	1
4737	3272
4738	33
4738	6022
4751	8
4751	9
4751	11
4751	3373
4751	4823
4752	13
4752	1081
4800	15
4800	4913
4807	13
4807	921
4823	122
4823	4677
4824	15
4824	4932
4846	105
4846	5888
4851	15
4851	5893
4874	1
4874	266
4874	1300
4874	5925
4877	8
4877	9
4877	4882
4882	105
4882	5897
4884	270
4884	1132
4884	4730
4884	6135
4895	13
4895	536
4895	3684
4895	5925
4895	6148
4896	4916
4911	1
4911	4927
4916	4677
4916	5569
4919	55
4919	6024
4927	55
4927	6138
4932	8
4932	4919
5125	22
5125	68
5125	1136
5125	6006
5167	4
5167	5
5167	14
5167	80
5167	161
5172	9
5172	5173
5196	1733
5196	5198
5196	5199
5196	5312
5197	1733
5197	5198
5197	5199
5197	5312
5200	11
5200	5800
5223	4
5223	11
5223	229
5223	5758
5223	5759
5227	105
5227	11828
5239	5516
5250	13
5250	5326
5254	9
5254	5255
5301	21
5301	5302
5335	9
5335	13
5335	20
5335	5336
5335	5691
5338	10
5338	5596
5345	8
5345	231
5345	279
5345	5378
5364	4451
5378	9
5378	111
5378	118
5378	5345
5379	11
5379	26
5381	68
5381	1169
5382	85
5382	117
5382	231
5382	279
5382	13378
5405	545
5416	1
5416	6
5416	5417
5416	5423
5422	4575
5427	11
5427	13
5427	13309
5444	4
5444	5445
5447	5448
5450	1
5450	5460
5455	1
5455	6
5455	5457
5512	262
5512	672
5552	6250
5565	7
5565	3680
5576	4
5576	5577
5578	5604
5593	1
5593	3
5593	1161
5600	5601
5600	6201
5601	22
5601	232
5635	5832
5673	55
5673	5681
5688	9
5688	33
5688	42
5688	5699
5691	5692
5691	5694
5693	5692
5693	5694
5694	5693
5694	11433
5699	14
5699	22
5699	5698
5700	33
5700	5699
5701	42
5701	5699
5702	9
5702	5699
5726	5729
5745	4
5745	11
5745	229
5745	4246
5745	5746
5747	5
5747	5746
5749	4
5749	11
5749	229
5749	5748
5749	5750
5752	4
5752	11
5752	229
5752	5751
5752	5753
5755	4
5755	11
5755	229
5755	5754
5755	5756
5757	1
5757	5
5757	5756
5757	5758
5761	4
5761	11
5761	229
5761	5760
5761	5762
5764	4
5764	5763
5766	11
5766	5768
5776	3167
5776	6453
5800	1
5800	6
5800	5801
5801	21
5801	5802
5802	1
5802	5803
5803	21
5803	5804
5804	1
5804	6
5804	5805
5809	11
5809	5810
5811	21
5811	5812
5812	1
5812	6
5812	5813
5813	21
5813	5814
5814	1
5814	6
5814	5815
5815	21
5815	399
5816	22
5816	68
5816	5817
5818	21
5818	828
5818	6245
5841	253
5841	442
5852	1
5852	3
5852	544
5852	6207
5868	110
5868	5869
5889	8
5889	9
5889	5890
5892	8
5892	9
5892	4702
5893	8
5893	9
5893	3543
5893	5894
5893	11826
5897	15
5897	5898
5898	8
5898	9
5898	3543
5898	5899
5898	11827
5921	20
5921	6250
5922	58
5922	5923
5923	6148
5928	8
5928	9
5928	5929
5931	25
5931	42
5946	22
5946	48
5947	1
5947	4
5947	25
5947	5938
5947	5946
5973	162
5973	1233
5983	20
5983	100
5993	20
5993	24
5994	24
5994	6255
6001	4
6001	80
6001	6002
6006	14463
6007	1
6007	5
6007	80
6007	671
6007	14463
6010	22
6010	4181
6010	5125
6016	181
6016	259
6016	6016
6019	85
6023	1
6023	6023
6024	55
6024	6025
6026	6251
6026	6253
6055	4
6055	9
6055	11
6055	25
6055	80
6055	6054
6055	6056
6055	7335
6055	11638
6056	11
6056	6057
6059	14
6059	11824
6099	3
6099	1328
6099	7271
6123	6124
6124	9
6124	319
6135	1132
6135	1290
6140	1
6140	55
6140	270
6140	6139
6140	6141
6143	4546
6143	6147
6156	10
6156	352
6156	4256
6186	615
6186	6187
6194	6193
6202	6203
6206	9
6206	180
6235	689
6235	1371
6235	2734
6249	20
6249	6250
6250	8
6250	9
6250	4419
6251	6025
6251	6252
6376	33
6376	6377
6397	6398
6442	1
6442	6231
6452	3167
6452	6453
6581	11
6581	6582
6600	3
6600	698
6600	1328
6600	7102
6641	6640
6676	2222
6676	11481
6677	1
6677	3
6677	6678
6715	24
6715	527
6723	6714
6749	9824
6756	1
6756	3
6756	6757
6893	111
6893	222
6899	1
6899	3
6899	7490
7083	1
7083	6
7083	1352
7083	2083
7086	1
7086	3
7086	5852
7096	1
7096	3
7096	7097
7098	3
7098	698
7098	1328
7098	7097
7099	127
7099	1327
7099	7097
7101	3
7101	698
7101	1328
7101	6600
7103	1
7103	472
7112	80
7112	5359
7112	7113
7118	24
7118	512
7208	1
7208	3
7208	7216
7212	1
7212	3
7212	7213
7292	6697
7292	7293
7836	8
7836	11472
7838	13
7838	6397
8604	12095
8639	12096
9811	9812
9813	1063
9818	9819
9820	91
9820	512
9824	30
9824	9825
9825	6714
9880	1
9880	3
9880	2759
10700	1
10700	6
10700	13636
10905	5659
10905	5831
11215	6697
11215	7293
11355	22
11355	568
11356	13
11356	4574
11356	5859
11422	1
11422	3
11422	11429
11422	11431
11422	11432
11426	22
11426	11427
11432	5693
11432	11433
11434	5
11434	13
11434	80
11434	11435
11434	11437
11435	8
11435	11436
11436	55
11436	11453
11439	58
11439	11440
11453	1
11453	2582
11453	11811
11457	1
11457	3
11457	4044
11472	9
11472	7838
11477	615
11477	934
11519	58
11519	571
11541	21
11541	84
11541	11542
11811	1
11811	6
11811	129
11826	3543
11826	11826
11827	3543
11827	11827
11929	11934
11934	30
11934	11935
11937	6
11937	1328
11937	11405
11938	1
11938	30
11938	11939
11941	80
11941	9884
11947	4
11947	80
11947	11948
11948	100
11948	11949
11949	10
11949	11950
12214	5382
12214	12215
12371	6801
12448	132
12448	10858
12621	1
12621	3
12621	12623
12989	33
12989	47
13309	21
13309	2059
13378	68
13378	231
13624	1
13624	3
13624	13629
13624	13631
13629	1
13629	13632
13631	1
13631	3
13631	13634
13637	1
13637	6
13637	13638
14082	1
14082	3
14082	14089
14086	22
14086	14087
14089	4
14089	80
14089	14090
14092	14093
14095	22
14095	14096
14097	11
14097	805
14098	1
14098	3
14098	2909
14107	22
14107	14108
14117	14118
14118	80
14118	14119
14119	91
14119	14120
14818	32
14818	80
14899	11
14899	3291
