1	3
1	4
1	8
1	9
1	11
1	13
1	14
1	15
1	17
1	20
1	21
1	22
1	25
1	27
1	30
1	33
1	35
1	37
1	42
1	47
1	49
1	58
1	60
1	63
1	65
1	66
1	67
1	69
1	74
1	77
1	80
1	84
1	86
1	88
1	101
1	105
1	112
1	132
1	134
1	135
1	137
1	138
1	144
1	152
1	155
1	162
1	165
1	167
1	169
1	180
1	185
1	188
1	189
1	197
1	212
1	214
1	252
1	255
1	262
1	294
1	299
1	330
1	342
1	365
1	387
1	438
1	454
1	475
1	536
1	559
1	571
1	614
1	641
1	655
1	666
1	740
1	760
1	862
1	864
1	870
1	881
1	1024
1	1081
1	1274
1	1304
1	1678
1	1762
1	1885
1	2112
1	3058
1	3150
1	3453
1	3516
1	3523
1	3589
1	3684
1	3723
1	3968
1	4171
1	4640
1	4677
1	4734
1	4824
1	4896
1	5116
1	5255
1	5411
1	5412
1	5448
1	5569
1	5601
1	5691
1	5698
1	5817
1	5841
1	5925
1	6000
1	6022
1	6056
1	6201
1	6714
1	9812
1	9819
1	9824
1	11427
1	11481
1	11542
1	11824
1	11934
1	11947
1	12448
1	14087
1	14096
1	14108
1	14118
1	14145
2	1
2	2
2	3
2	6
2	8
2	9
2	13
2	14
2	15
2	20
2	24
2	25
2	36
2	40
2	44
2	46
2	53
2	63
2	64
2	68
2	74
2	75
2	80
2	81
2	91
2	93
2	112
2	117
2	119
2	131
2	144
2	152
2	154
2	169
2	201
2	206
2	224
2	231
2	236
2	252
2	286
2	363
2	415
2	458
2	459
2	460
2	531
2	562
2	575
2	705
2	857
2	882
2	886
2	1107
2	1345
2	1346
2	1931
2	2047
2	2139
2	2163
2	2412
2	2430
2	2553
2	2554
2	2702
2	2729
2	2839
2	2869
2	2984
2	2987
2	2988
2	2992
2	3082
2	3125
2	3127
2	3175
2	3373
2	3406
2	3511
2	3512
2	3516
2	3838
2	4030
2	4133
2	4312
2	4327
2	4556
2	4640
2	4681
2	4752
2	4823
2	5336
2	5686
2	5691
2	5696
2	5820
2	5890
2	5894
2	5899
2	5983
2	5993
2	6112
2	6113
2	6397
2	6507
2	6509
2	6671
2	7118
2	9823
2	11407
2	11472
2	11929
2	11945
2	11946
2	12450
2	14143
3	4
3	6
3	8
3	11
3	22
3	36
3	71
3	80
3	84
3	111
3	135
3	167
3	236
3	264
3	332
3	399
3	441
3	577
3	655
3	709
3	877
3	1929
3	2232
3	3232
3	3340
3	3344
3	3926
3	4236
3	5259
3	5261
3	5263
3	5265
3	5267
3	5269
3	5445
3	5577
3	5778
3	6002
3	9820
3	14090
3	14099
4	1
4	3
4	30
4	1161
4	7490
5	1
5	6
5	11
5	80
5	1641
5	3741
5	4039
5	5309
5	5585
6	5
6	11
6	22
6	26
6	64
6	80
6	111
6	236
6	343
6	356
6	441
6	577
6	966
6	1268
6	2637
6	2652
6	3082
6	3340
6	4133
6	4181
6	5379
6	6010
6	14463
7	1
7	3
7	6
7	11
7	27
7	37
7	48
7	67
7	80
7	88
7	125
7	161
7	197
7	207
7	295
7	988
7	1161
7	3345
7	3460
7	5585
7	5640
7	6635
8	2
8	8
8	10
8	1013
8	1284
8	1801
8	5841
9	1
9	2
9	4
9	5
9	10
9	73
9	80
9	106
9	117
9	147
9	178
9	236
9	242
9	262
9	672
9	1013
9	3082
9	4133
9	4188
9	4454
9	5925
10	1
10	5
10	8
10	9
10	11
10	13
10	20
10	24
10	36
10	40
10	54
10	58
10	91
10	100
10	138
10	141
10	154
10	229
10	356
10	531
10	6255
10	6671
10	7118
10	9823
10	11407
10	11929
10	11945
10	11946
10	12450
10	14143
11	10
11	22
11	26
11	68
11	119
11	139
11	197
11	3722
11	3981
11	5516
11	5604
11	5935
11	6640
13	1
13	2
13	9
13	64
13	73
13	108
13	119
13	295
13	3722
14	1
14	8
14	9
14	22
14	63
14	64
14	80
14	88
14	108
14	138
14	1596
14	5890
14	5894
14	5899
15	8
15	75
16	11
16	111
16	122
16	319
16	877
16	894
16	1352
16	3069
16	3221
16	3345
16	3460
16	5271
16	5272
16	5273
16	5275
16	5276
16	5447
16	5460
16	14144
17	8
17	562
19	1
19	2
19	11
19	21
19	73
19	84
19	828
19	1137
19	1152
19	1733
19	2059
19	2463
19	4142
19	4156
19	4158
19	4311
19	4692
19	5198
19	5199
19	5302
19	5312
19	5778
19	5802
19	5804
19	5814
19	6199
19	6245
19	6407
19	6408
19	6416
19	11539
19	11540
19	11541
19	11542
19	11545
20	8
20	9
20	30
20	212
20	224
20	5686
20	5687
21	155
21	212
22	1
22	8
22	9
22	20
22	36
22	74
22	251
22	3340
22	3589
22	3981
22	6201
22	6203
22	6762
24	10
24	11
24	22
24	33
24	139
24	264
24	332
24	624
24	894
24	2232
24	2411
24	3058
24	3344
24	3939
24	4341
24	5259
24	5261
24	5263
24	5265
24	5267
24	5269
24	6020
25	1
25	5
25	8
25	9
25	10
25	11
25	13
25	20
25	26
25	64
25	77
25	80
25	119
25	334
25	415
25	624
25	2987
25	5167
25	5569
25	5672
25	6112
25	12989
26	25
26	36
26	141
26	166
26	233
26	302
26	671
26	957
26	1179
26	1250
26	1267
26	3465
26	5527
26	5528
26	5539
26	5946
26	6102
27	1
27	7
27	67
28	3
28	11
28	30
28	111
28	122
28	224
28	244
28	605
28	862
28	877
28	2411
28	11481
29	4
29	15
29	52
29	80
29	167
29	6040
33	13
33	20
33	24
33	5993
35	8
35	9
35	44
35	96
35	201
36	11
36	22
37	8
37	9
37	13
37	20
37	65
37	101
37	1259
37	2412
37	3838
39	13
39	39
40	10
40	30
40	264
40	605
41	13
41	20
41	886
42	8
42	9
42	30
42	91
42	122
42	1352
44	9
44	13
44	35
44	46
44	58
44	942
44	1304
44	3794
46	13
46	46
47	13
47	20
47	1931
49	8
49	9
49	11
49	13
49	20
49	25
49	35
49	36
49	99
49	152
49	402
49	438
49	2984
49	3082
49	3406
49	3794
49	4823
49	6113
52	15
52	1290
52	4847
52	4855
52	4878
52	6126
55	8
55	9
55	112
55	475
58	10
58	22
59	13
59	224
61	9
61	255
62	11
62	13
62	20
62	179
62	2163
63	13
63	46
63	501
63	513
64	3
64	8
64	9
64	13
64	20
64	22
64	25
64	63
64	108
64	144
64	152
64	169
64	4640
64	6507
65	1
65	13
65	20
65	55
65	78
65	661
65	2553
65	2737
65	5820
66	21
66	4156
66	4158
67	6019
68	9
68	22
68	1081
68	5125
73	13
73	20
73	2430
74	9
74	1269
75	8
75	9
75	13
75	25
75	46
75	63
77	9
77	14
77	148
77	327
78	13
78	20
78	3512
79	13
79	20
79	25
79	166
79	3511
80	1
80	3
80	6
80	8
80	9
80	14
80	27
80	435
80	1641
80	2869
80	3741
80	4039
80	5778
80	7490
80	14818
82	11
82	13
82	20
82	25
82	483
82	1179
82	2839
84	1
84	1548
84	3589
88	30
88	126
88	244
91	10
91	26
91	139
91	2232
92	85
93	4
93	5
93	13
93	30
93	55
93	80
93	111
93	513
93	1352
93	3892
94	30
94	224
96	35
96	2492
96	4615
97	13
97	20
97	302
97	957
97	3125
100	10
100	894
100	1352
100	3344
100	4570
100	4644
100	5449
100	5467
103	13
103	501
103	842
104	8
104	81
105	8
105	9
105	15
105	299
106	1
106	1168
109	11
109	58
109	68
109	100
109	138
109	6006
112	8
112	63
116	4
116	5
116	8
116	80
116	93
116	577
117	1
117	20
117	119
117	199
117	1168
118	4
118	5
118	80
118	111
118	236
118	3506
120	13
120	20
120	4681
121	8
121	117
123	13
123	20
123	25
123	233
123	2047
125	22
125	126
125	244
126	1
126	125
129	13
129	235
129	341
129	448
129	4574
129	5859
129	11356
130	4
130	9
130	35
130	80
130	294
130	655
130	3794
130	4734
131	13
131	39
132	1
132	67
134	170
134	315
135	13
135	20
135	21
135	1152
135	2988
136	4
136	10
136	30
136	80
136	877
136	1352
136	5269
138	10
138	22
138	26
138	139
139	11
139	80
139	88
139	100
139	138
143	65
143	101
143	364
143	415
144	9
144	387
144	5775
144	6510
146	1371
146	2734
147	14
147	262
148	13
148	20
148	2702
149	1
149	4
149	5
149	11
149	22
149	36
149	80
149	122
152	14
152	49
154	1352
154	5272
155	73
155	4144
156	13
156	251
156	5809
156	13425
158	1
158	24
158	36
160	27
160	48
161	26
161	5167
163	13
163	5983
165	60
165	1885
169	9
169	327
169	438
170	147
170	4188
173	11
173	229
173	685
177	1755
177	5330
177	5717
179	86
179	134
183	13
183	20
183	25
183	141
183	2554
186	22
186	126
188	13
188	20
188	2992
194	5775
194	6510
196	13
196	4030
197	4
197	8
197	80
197	236
197	3232
199	6019
201	13
201	46
206	8
206	131
206	342
213	27
213	37
213	67
214	178
214	672
222	11
222	84
224	8
224	53
226	4
226	71
226	80
227	9
227	33
229	10
229	3939
232	6201
235	13
235	341
236	9
236	197
236	1159
237	11
237	30
239	8
239	9
239	14
239	365
239	705
239	881
241	14
241	60
244	88
244	399
249	13
249	20
249	154
251	1
251	22
251	25
251	108
251	254
252	8
252	9
252	252
254	1
254	11
254	166
256	22
256	126
263	4
263	5
263	80
263	441
269	55
269	2737
269	3892
275	85
275	636
275	5345
281	7836
282	1080
286	13
286	39
288	8
288	9
288	25
288	36
288	169
305	8
305	9
305	80
305	3516
310	8
310	231
311	5
311	11
311	26
311	80
311	5379
315	170
315	750
315	986
315	7282
318	1
318	4114
327	13
327	20
327	3406
330	242
330	672
337	27
337	295
337	438
339	3129
339	3715
340	27
340	435
341	13
341	448
342	5
342	80
342	343
343	8
343	15
343	35
343	112
343	342
343	3723
346	6124
347	13
347	20
347	40
350	165
355	11
355	3758
360	8
360	9
360	206
360	559
361	8
361	35
361	286
361	342
362	9
362	330
363	8
363	459
364	8
364	9
364	214
364	363
365	8
365	364
365	415
365	1346
390	4
390	80
390	88
390	399
407	13
407	20
407	25
407	671
407	3127
407	3465
418	5
418	8
418	356
418	1107
422	60
422	162
422	165
422	641
430	1
430	931
430	3741
432	4
432	709
437	25
437	33
437	77
437	624
437	1250
441	1
441	5
441	80
441	3082
441	3340
448	13
448	11356
455	3
455	9
455	13
455	3150
458	13
458	39
459	13
459	39
459	842
460	13
460	365
463	1
463	78
463	3506
469	4
469	80
469	84
472	6
472	5309
479	6762
490	8
490	9
490	531
493	5
493	8
493	80
493	2637
493	2652
493	3175
506	11
506	245
506	302
506	5528
511	33
511	894
522	5
522	966
526	106
526	672
527	11
527	30
527	877
527	1352
527	2411
544	1
544	6
544	11
544	80
544	5585
559	147
559	672
562	9
562	17
568	1
568	13
568	921
597	4
597	3232
606	11
606	302
606	519
606	5527
611	15
611	4847
614	21
614	4142
623	4
623	5
623	80
623	111
624	8
624	4133
630	1
630	1352
630	3460
631	1
631	74
631	197
632	27
632	5640
632	5831
636	9
636	96
640	1
640	4
640	264
640	658
641	162
641	1885
641	2112
642	1
642	3
642	1161
655	9
655	13
655	20
655	25
655	144
655	1762
666	680
668	1172
668	5345
673	2
673	1801
677	13
677	39
680	11
680	47
683	11
683	100
694	15
694	4855
697	8
697	9
697	14
697	2869
699	9
699	454
704	27
704	435
705	8
705	112
705	342
705	458
748	5778
748	14818
760	185
760	760
780	5659
787	13
787	20
787	2839
794	615
794	1096
811	11
811	5627
826	1
826	11
826	79
831	864
831	1678
836	319
836	1352
842	1
842	687
842	2097
842	11907
857	3
857	13
857	20
857	25
860	4
860	80
860	135
860	1929
876	1080
876	4330
877	5116
885	22
885	68
885	4171
885	5817
900	6
900	22
900	4039
900	5125
921	8
921	9
921	415
931	14
931	1024
944	1
944	2637
1001	11
1001	30
1001	862
1001	1274
1005	9
1005	65
1024	1
1024	1051
1033	1
1033	1352
1033	3345
1051	21
1051	2463
1081	8
1081	68
1086	1
1086	1122
1099	111
1099	424
1100	25
1100	1267
1101	3291
1102	9
1102	188
1103	11
1103	105
1103	119
1103	295
1134	13
1134	882
1137	170
1137	315
1137	750
1144	1
1144	4
1144	332
1144	877
1149	1259
1153	9
1153	69
1172	5345
1177	9
1177	92
1177	137
1179	11
1179	3765
1182	197
1182	988
1185	2
1185	9
1185	13
1185	119
1185	857
1185	3722
1185	5841
1190	15
1190	1290
1197	11
1197	6224
1204	2
1204	1284
1209	11
1209	229
1209	685
1209	5744
1209	5746
1209	5750
1209	5753
1209	5756
1209	5759
1209	5762
1213	91
1217	862
1217	1274
1230	13
1230	13425
1250	5
1250	80
1250	4133
1269	9
1269	251
1279	8
1279	4556
1300	1
1300	921
1302	1
1302	11
1302	3506
1327	7095
1328	30
1328	11481
1344	8
1344	1345
1346	8
1346	15
1346	342
1346	460
1384	1
1384	1596
1416	180
1416	12448
1449	242
1449	1978
1609	8
1609	2729
1635	13
1635	20
1635	886
1636	13
1636	20
1636	2163
1637	13
1637	20
1637	6113
1638	13
1638	20
1638	2984
1639	13
1639	20
1639	3125
1640	13
1640	20
1640	6112
1641	13
1641	20
1641	2987
1642	13
1642	20
1642	2412
1643	13
1643	20
1643	2988
1644	13
1644	20
1644	3127
1645	13
1645	20
1645	2047
1646	13
1646	20
1646	1931
1647	13
1647	20
1647	2430
1647	5336
1648	13
1648	20
1648	3511
1649	13
1649	20
1649	2702
1650	13
1650	20
1650	2553
1651	13
1651	20
1651	2992
1652	13
1652	20
1652	3512
1653	13
1653	20
1653	2554
1693	11
1693	5578
1794	10
1794	5467
1817	1755
1817	5330
1817	5717
1832	10
1832	1352
1832	3221
1832	5261
1861	30
1861	11481
1929	4
1929	80
1929	135
1944	10
1944	1352
1944	5265
1944	5276
1977	242
1977	1978
2116	88
2116	207
2133	9
2133	60
2191	8
2191	9
2191	80
2191	3516
2214	33
2214	2411
2220	14
2220	3453
2378	302
2378	6102
2391	60
2391	69
2411	3058
2442	21
2442	6199
2463	4
2463	80
2463	5778
2469	21
2469	5778
2470	5830
2492	35
2492	2492
2504	1
2504	24
2504	141
2504	2631
2532	9
2532	740
2593	10
2593	1352
2593	5259
2593	5273
2613	27
2613	161
2630	33
2630	3058
2637	1
2637	230
2647	5935
2686	15
2686	6126
2730	5817
2737	11
2737	350
2739	2
2739	119
2741	4896
2743	3800
2743	11475
2745	8
2745	9
2745	14
2745	2869
2782	4
2782	3926
2798	11
2798	26
2798	3167
2798	5672
2880	8
2880	9
2880	2139
2909	4
2909	80
2909	14099
2939	1352
2939	3069
2987	6
2987	1641
2987	3741
3063	5601
3063	6201
3090	1
3090	8
3090	9
3090	64
3090	119
3090	3838
3160	10
3160	3657
3175	9
3175	1269
3227	11
3227	5636
3240	6635
3296	11
3296	14
3296	3415
3306	21
3306	4311
3356	1
3356	4309
3360	9
3360	870
3372	3129
3372	3715
3406	62
3406	122
3453	11
3453	3589
3460	6000
3506	1
3506	78
3506	661
3546	9
3546	137
3572	1327
3572	12838
3576	1217
3576	3920
3585	1327
3585	4431
3638	13
3638	20
3638	4312
3657	11
3657	13
3657	5818
3657	13309
3688	54
3688	229
3794	20
3794	122
3798	3633
3803	10
3803	4341
3880	66
3880	3523
3883	4896
3939	11
3939	229
3939	5744
3972	4
3972	5
3972	80
3972	3340
3979	22
3979	424
4006	9
4006	137
4039	1
4039	141
4046	15
4046	6040
4085	615
4085	1096
4115	1
4115	4324
4122	8
4122	9
4122	6509
4146	11
4146	13
4146	5809
4146	5818
4184	1
4184	5854
4232	342
4232	3723
4250	3800
4250	11475
4253	894
4253	4570
4272	1
4272	5
4272	141
4272	4181
4272	6010
4294	8
4294	4327
4302	108
4302	119
4302	1302
4310	132
4310	614
4327	13
4327	1081
4330	1274
4332	117
4332	255
4332	4454
4332	4732
4376	8
4376	9
4376	25
4376	4640
4377	1080
4377	4330
4390	25
4390	5539
4405	1
4405	4
4405	3344
4405	3345
4411	1
4411	4
4411	80
4411	2631
4411	4236
4421	42
4421	666
4441	21
4441	4692
4454	5
4454	1268
4476	189
4476	3968
4488	1217
4488	3920
4489	73
4489	4144
4522	3585
4537	35
4537	4615
4556	8
4556	4752
4575	11
4575	5411
4575	5412
4640	8
4640	9
4640	3373
4644	1352
4644	5447
4652	105
4652	4824
4666	1
4666	64
4666	1267
4666	5569
4729	7095
4735	13
4735	20
4735	4681
4738	33
4738	6022
4751	8
4751	9
4751	11
4751	3373
4751	4823
4752	13
4752	1081
4760	1352
4760	5460
4807	13
4807	921
4819	15
4819	4878
4823	122
4823	4677
4832	3576
4832	4628
4832	11903
4874	1
4874	5925
4895	13
4895	536
4895	3684
4895	5925
4896	4916
4916	4677
4916	5569
5125	22
5125	68
5125	6006
5196	1733
5196	5198
5196	5199
5196	5312
5197	1733
5197	5198
5197	5199
5197	5312
5200	11
5200	5800
5223	11
5223	229
5223	5759
5239	5516
5254	9
5254	5255
5258	1
5258	4
5258	5259
5258	5272
5260	1
5260	4
5260	5261
5260	5273
5262	1
5262	4
5262	3221
5262	5263
5264	1
5264	4
5264	5265
5264	5275
5266	1
5266	4
5266	5267
5266	5276
5268	1
5268	4
5268	5269
5268	5271
5270	10
5270	1352
5270	5267
5270	5271
5274	10
5274	1352
5274	5263
5274	5275
5301	21
5301	5302
5335	9
5335	13
5335	20
5335	5336
5335	5691
5337	10
5337	4644
5379	11
5379	26
5413	282
5413	5414
5414	5430
5427	11
5427	13
5427	13309
5444	4
5444	5445
5447	5448
5450	1
5450	5460
5461	10
5461	5449
5512	262
5512	672
5576	4
5576	5577
5578	5604
5593	1
5593	3
5593	1161
5600	5601
5600	6201
5601	22
5601	232
5635	5832
5668	1
5668	2
5668	10
5668	894
5668	1013
5684	5686
5684	5687
5685	5686
5685	5687
5686	8
5686	5696
5691	5692
5691	5694
5692	212
5692	5698
5693	5692
5693	5694
5694	5693
5694	11433
5697	13
5697	5686
5745	11
5745	229
5745	5746
5749	11
5749	229
5749	5750
5752	11
5752	229
5752	5753
5755	11
5755	229
5755	5756
5761	11
5761	229
5761	5762
5771	6508
5776	3167
5776	6453
5801	21
5801	5802
5803	21
5803	5804
5809	11
5809	5810
5813	21
5813	5814
5816	22
5816	68
5816	5817
5818	21
5818	828
5818	6245
5889	8
5889	9
5889	5890
5893	8
5893	9
5893	5894
5898	8
5898	9
5898	5899
5921	20
5921	6250
5931	25
5931	42
5946	22
5946	48
5947	25
5947	5946
5983	20
5983	100
5993	20
5993	24
5994	24
5994	6255
5998	1
5998	3069
6001	4
6001	80
6001	6002
6006	14463
6007	1
6007	5
6007	80
6007	671
6007	14463
6010	22
6010	4181
6010	5125
6019	85
6021	11
6021	6020
6055	9
6055	6056
6056	11
6056	6057
6059	14
6059	11824
6104	13
6104	20
6104	14143
6123	6124
6202	6203
6206	9
6206	180
6235	1371
6235	2734
6249	20
6249	6250
6319	11
6319	21
6319	6408
6406	21
6406	6407
6407	21
6407	6416
6408	6399
6442	1
6442	6231
6452	3167
6452	6453
6506	8
6506	9
6506	25
6506	6507
6507	8
6507	9
6507	6508
6507	6509
6581	11
6581	6582
6641	6640
6670	13
6670	20
6670	6671
6723	6714
6749	9824
6899	1
6899	3
6899	7490
7114	13
7114	20
7114	7118
7281	986
7281	7282
7836	8
7836	11472
7838	13
7838	6397
8604	8639
9811	9812
9818	9819
9819	4
9819	80
9819	9820
9822	13
9822	20
9822	9823
10905	5659
10905	5831
11356	13
11356	4574
11356	5859
11405	1
11405	8
11405	9
11405	13
11405	20
11405	11407
11419	11421
11426	22
11426	11427
11432	5693
11432	11433
11519	58
11519	571
11538	21
11538	11539
11539	21
11539	11540
11540	21
11540	11541
11541	21
11541	84
11541	11542
11543	11
11543	21
11543	11545
11545	5773
11904	3576
11904	4628
11904	11903
11924	1
11924	8
11924	9
11924	13
11924	20
11924	11929
11929	11934
11943	9
11943	20
11943	11945
11944	9
11944	20
11944	11946
11945	11947
11946	11947
12095	12096
12449	20
12449	12450
12833	1327
12833	12834
12988	26
12988	12989
12989	33
12989	47
13309	21
13309	2059
14086	22
14086	14087
14089	4
14089	80
14089	14090
14095	22
14095	14096
14097	11
14097	805
14107	22
14107	14108
14116	80
14116	14117
14117	14118
14143	1352
14143	14144
14144	14145
14145	4
14145	80
14145	2232
