1	3
1	4
1	5
1	8
1	9
1	13
1	14
1	20
1	21
1	25
1	31
1	33
1	35
1	41
1	58
1	60
1	63
1	65
1	66
1	80
1	84
1	85
1	99
1	101
1	105
1	121
1	132
1	135
1	140
1	144
1	147
1	155
1	160
1	180
1	181
1	197
1	221
1	234
1	241
1	252
1	253
1	259
1	262
1	267
1	293
1	299
1	327
1	334
1	345
1	348
1	352
1	526
1	614
1	655
1	760
1	1132
1	1290
1	1335
1	3089
1	3341
1	3523
1	3539
1	4730
1	4824
1	5691
1	5712
1	5838
1	5887
1	5925
1	6016
1	6377
1	7838
1	11440
1	11542
1	11824
2	2
2	3
2	6
2	8
2	9
2	10
2	11
2	13
2	15
2	18
2	20
2	25
2	40
2	44
2	46
2	55
2	63
2	74
2	75
2	81
2	93
2	105
2	112
2	119
2	129
2	131
2	144
2	154
2	201
2	206
2	227
2	234
2	236
2	239
2	252
2	286
2	363
2	364
2	365
2	458
2	459
2	460
2	627
2	647
2	692
2	705
2	857
2	882
2	886
2	993
2	1107
2	1143
2	1212
2	1345
2	1346
2	1931
2	2047
2	2163
2	2412
2	2430
2	2553
2	2554
2	2702
2	2839
2	2876
2	2984
2	2987
2	2988
2	2992
2	3125
2	3127
2	3402
2	3511
2	3512
2	3785
2	4352
2	4702
2	4734
2	4846
2	4877
2	4882
2	5336
2	5378
2	5691
2	5820
2	6112
2	6113
3	4
3	6
3	8
3	20
3	22
3	80
3	109
3	111
3	236
3	259
3	356
3	455
3	546
3	577
3	655
3	957
3	1370
3	1697
3	4631
6	5
6	11
6	14
6	80
6	111
6	181
6	199
6	236
6	259
6	267
6	343
6	445
6	577
6	1236
6	1370
6	1697
6	3341
6	4631
6	5999
7	6635
8	2
8	8
9	1
9	2
9	4
9	5
9	8
9	10
9	15
9	35
9	46
9	73
9	80
9	112
9	227
9	236
9	2876
9	5925
10	1
10	4
10	13
10	20
10	24
10	40
10	54
10	91
10	100
10	154
10	229
10	332
10	356
10	512
10	527
10	681
10	3112
10	11949
10	14120
12	6250
13	1
13	2
13	9
13	73
13	119
13	147
13	242
13	253
13	354
13	4051
13	5378
14	8
14	9
14	63
15	8
15	75
16	111
16	1352
17	1
17	5546
19	1
19	2
19	21
19	73
19	84
19	828
19	1152
19	2059
19	4142
19	4157
19	4728
19	5302
19	5802
19	5804
19	5814
19	6199
19	6245
19	11542
20	8
20	119
20	147
21	147
21	3539
22	8
22	15
22	35
22	74
22	104
22	112
22	206
22	361
22	454
24	10
24	227
24	332
24	2727
24	3341
24	5135
24	5269
24	6442
25	13
25	20
25	217
25	2987
25	6112
28	30
28	111
29	15
29	6040
31	615
31	668
33	8
33	227
35	8
35	44
35	201
37	10
37	13
37	20
37	65
37	101
37	1259
37	2412
37	5596
37	5598
39	13
39	39
40	10
40	681
41	8
41	9
41	10
41	13
41	20
41	133
41	886
41	1212
41	3341
43	9
43	15
43	4631
43	5893
43	5898
44	9
44	13
44	35
44	46
44	55
44	74
44	105
46	8
46	13
46	15
46	35
46	46
46	112
47	10
47	13
47	20
47	1931
47	2727
49	13
49	20
49	2984
49	6113
52	15
52	1290
52	6126
55	8
55	112
58	8
58	9
58	234
58	4734
62	13
62	14
62	20
62	327
62	2163
63	9
63	13
63	46
63	55
63	74
63	112
63	269
63	4352
64	3
64	8
64	9
64	13
64	20
64	25
64	63
64	144
65	13
65	20
65	2553
65	5820
66	13
66	21
66	4157
66	4432
66	4728
73	13
73	20
73	2430
74	9
74	22
74	4085
74	4631
75	8
75	9
75	13
75	15
75	25
75	29
75	46
75	55
75	63
75	74
75	105
77	9
77	327
78	13
78	20
78	3512
79	13
79	20
79	3511
80	7
80	27
81	55
81	74
81	104
81	105
82	13
82	20
82	2839
85	9
85	354
89	615
89	2591
92	5
92	80
92	85
92	1236
93	4
93	5
93	10
93	30
93	55
93	80
93	111
93	681
93	1352
93	3892
95	615
95	1094
96	35
96	2492
96	4615
97	8
97	9
97	13
97	20
97	55
97	112
97	3125
97	4352
100	10
100	2876
101	8
101	9
101	234
103	13
103	29
103	668
104	8
104	81
105	8
105	15
106	1
106	1168
111	9
111	546
112	8
112	63
114	55
114	157
116	4
116	5
116	8
116	80
116	93
116	577
117	1
117	20
117	119
117	199
117	1168
118	4
118	5
118	80
118	111
118	236
123	13
123	20
123	2047
124	4
124	5
124	1697
128	55
128	6138
128	6139
129	13
129	235
129	4432
129	4574
129	5859
129	11356
130	4
130	80
130	655
131	13
131	39
131	55
131	74
131	105
131	206
133	8
133	9
133	993
135	13
135	20
135	21
135	1152
135	2988
136	10
136	5269
140	357
140	615
141	11
141	4424
143	5
143	16
143	65
143	101
143	364
143	445
144	119
144	242
147	14
147	262
148	13
148	20
148	2702
152	13
152	20
152	3402
153	14
153	253
156	13
156	5809
156	13425
159	275
159	615
163	8
163	2876
169	9
169	327
170	147
170	3089
183	13
183	20
183	2554
185	221
186	4
186	22
186	80
188	13
188	20
188	2992
197	8
197	236
201	13
201	46
206	8
206	131
208	615
208	2995
212	8
212	20
214	8
214	364
217	8
217	9
217	692
227	9
227	33
229	4688
229	6022
229	6025
229	6251
229	6252
229	6253
234	101
234	3294
236	9
236	197
236	1159
239	8
239	705
243	615
243	5396
247	615
247	2888
248	11
248	4424
249	13
249	20
249	154
250	8
250	18
252	8
252	9
252	252
269	55
269	157
269	3892
275	85
275	636
275	5345
277	208
281	7836
286	13
286	39
286	55
286	74
286	105
286	361
293	208
299	8
299	15
299	35
299	104
299	105
299	206
299	361
299	363
299	705
299	1346
314	8
314	627
329	1
329	352
329	615
329	6023
342	5
342	80
342	343
345	5
345	11
345	80
345	199
347	13
347	20
347	40
348	105
348	4851
348	5888
348	5897
352	14
352	85
354	111
354	118
356	1
356	24
356	332
357	33
357	352
357	4257
360	8
360	206
361	8
361	286
363	8
363	459
364	8
364	363
365	8
365	16
365	101
365	364
365	1346
379	5
379	80
379	181
386	99
386	135
388	10
388	5135
392	615
392	644
407	13
407	20
407	3127
416	13
416	40
416	269
416	681
418	8
418	1107
442	3736
445	80
445	234
447	111
447	279
448	13
448	11356
455	3
455	13
458	13
458	39
458	55
458	105
458	705
459	13
459	39
459	55
459	105
459	363
460	55
460	105
460	1346
475	8
475	14
475	15
475	35
475	55
475	104
475	206
475	299
475	361
475	363
475	705
475	1346
526	8
526	365
532	4
532	5
532	259
534	8
534	647
579	10
579	4424
579	5118
579	5119
582	10
582	5598
583	5
583	80
583	5999
605	10
605	416
605	681
614	21
614	4142
615	22
615	4085
620	117
630	10
630	4424
631	1
631	74
631	197
632	5831
655	13
655	20
655	25
655	144
668	1172
668	5345
677	13
677	39
680	8
680	9
680	4877
681	10
681	416
686	4136
692	8
692	9
692	4877
699	74
699	239
699	454
704	7
704	27
705	8
705	458
717	4
717	5
717	1370
729	12452
760	221
760	760
780	5659
787	13
787	20
787	2839
794	5
794	80
794	267
857	3
857	13
857	20
857	25
881	8
881	14
881	239
881	454
881	526
882	8
882	10
884	135
884	334
916	24
916	3112
944	1
944	2637
988	9
988	160
993	8
993	9
993	4702
993	4846
993	4882
1033	10
1033	5118
1050	4
1050	5
1050	8
1050	9
1050	80
1050	1212
1050	4631
1083	689
1094	8
1094	111
1094	577
1094	5378
1097	8
1097	3785
1101	3291
1107	8
1107	1143
1132	1
1132	3272
1134	13
1134	882
1143	8
1143	9
1143	11
1143	129
1149	1259
1171	3735
1172	5
1172	80
1172	1236
1172	5345
1185	13
1185	119
1185	253
1185	857
1190	15
1190	1290
1212	8
1212	9
1212	692
1228	13
1228	35
1230	13
1230	13425
1236	345
1344	8
1344	1345
1346	8
1346	460
1352	16
1352	101
1352	364
1449	242
1449	1978
1451	615
1451	6188
1635	13
1635	20
1635	886
1636	13
1636	20
1636	2163
1637	13
1637	20
1637	3402
1637	6113
1638	13
1638	20
1638	2984
1639	13
1639	20
1639	3125
1640	13
1640	20
1640	6112
1641	13
1641	20
1641	2987
1642	13
1642	20
1642	2412
1643	13
1643	20
1643	2988
1644	13
1644	20
1644	3127
1645	13
1645	20
1645	2047
1646	13
1646	20
1646	1931
1647	13
1647	20
1647	2430
1647	5336
1648	13
1648	20
1648	3511
1649	13
1649	20
1649	2702
1650	13
1650	20
1650	2553
1651	13
1651	20
1651	2992
1652	13
1652	20
1652	3512
1653	13
1653	20
1653	2554
1674	140
1697	615
1697	6311
1798	267
1798	1335
1977	242
1977	1978
2066	12453
2104	4
2104	356
2133	9
2133	60
2430	101
2430	3294
2442	21
2442	6199
2470	5830
2492	35
2492	2492
2686	15
2686	6126
2939	10
2939	5119
2999	41
2999	5887
3240	6635
3283	10
3283	6442
3356	1
3356	4309
3492	8
3492	9
3492	13
3492	55
3492	112
3492	4352
3539	121
3539	155
3543	9
3543	348
3561	6143
3657	11
3657	13
3657	5818
3657	13309
3688	54
3688	229
3793	1
3793	5546
3862	110
3862	5869
3880	66
3880	3523
3943	5
3943	14
3943	3341
4046	15
4046	6040
4085	275
4085	352
4085	357
4085	615
4085	644
4085	668
4085	934
4085	1094
4085	2591
4085	2888
4085	2995
4085	5396
4085	6187
4085	6188
4085	6311
4146	11
4146	13
4146	5809
4146	5818
4310	132
4310	614
4352	11
4352	1134
4537	35
4537	4615
4652	105
4652	4688
4652	4824
4652	6022
4677	8
4677	9
4677	119
4677	4051
4677	4734
4700	8
4700	9
4700	4846
4702	105
4702	4851
4737	1
4737	3272
4846	105
4846	5888
4851	15
4851	5893
4874	1
4874	5925
4877	8
4877	9
4877	4882
4882	105
4882	5897
4884	1132
4884	4730
4895	13
4895	5925
4927	55
4927	6138
5301	21
5301	5302
5335	9
5335	13
5335	20
5335	5336
5335	5691
5338	10
5338	5596
5345	9
5345	5378
5378	111
5378	118
5427	11
5427	13
5427	13309
5552	6250
5691	5692
5691	5694
5693	5692
5693	5694
5694	5693
5694	11433
5713	293
5713	5712
5776	3167
5776	6453
5801	21
5801	5802
5803	21
5803	5804
5813	21
5813	5814
5818	21
5818	828
5818	6245
5823	4
5823	957
5839	31
5839	5838
5868	110
5868	5869
5892	8
5892	9
5892	4702
5897	15
5897	5898
5984	4
5984	80
5984	109
5999	4
5999	80
5999	546
6016	181
6016	259
6016	6016
6019	85
6023	1
6023	6023
6026	6251
6026	6253
6059	14
6059	11824
6060	14
6060	241
6135	1132
6135	1290
6140	55
6140	6139
6186	615
6186	6187
6206	9
6206	180
6235	689
6251	6025
6251	6252
6376	33
6376	6377
6452	3167
6452	6453
6715	24
6715	527
6893	111
6893	222
7118	24
7118	512
8604	8639
8604	12095
8639	12096
9820	91
9820	512
10905	5659
10905	5831
11356	13
11356	4574
11356	5859
11432	5693
11432	11433
11439	58
11439	11440
11472	9
11472	7838
11477	615
11477	934
11541	21
11541	84
11541	11542
11948	100
11948	11949
12095	12096
13309	21
13309	2059
14119	91
14119	14120
