1	2
1	3
1	4
1	5
1	8
1	9
1	11
1	13
1	14
1	15
1	20
1	21
1	22
1	25
1	26
1	27
1	31
1	33
1	35
1	36
1	37
1	42
1	44
1	47
1	49
1	58
1	60
1	63
1	65
1	66
1	67
1	74
1	75
1	77
1	80
1	84
1	86
1	97
1	101
1	105
1	109
1	112
1	116
1	124
1	132
1	134
1	137
1	144
1	152
1	155
1	160
1	161
1	180
1	185
1	188
1	194
1	197
1	212
1	221
1	243
1	252
1	253
1	267
1	283
1	293
1	342
1	365
1	369
1	438
1	454
1	460
1	462
1	536
1	571
1	614
1	617
1	645
1	655
1	666
1	721
1	740
1	760
1	805
1	864
1	870
1	962
1	966
1	1081
1	1190
1	1327
1	1335
1	1582
1	1606
1	1678
1	1962
1	2489
1	3203
1	3393
1	3523
1	3589
1	3684
1	3723
1	3802
1	4640
1	4677
1	4824
1	4884
1	5255
1	5394
1	5411
1	5412
1	5569
1	5655
1	5688
1	5691
1	5698
1	5712
1	5796
1	5838
1	5925
1	6017
1	6022
1	6056
1	6135
1	6240
1	11427
1	11542
1	11544
1	11943
1	11944
1	13952
1	14088
1	14091
1	14101
1	14109
1	14179
2	2
2	3
2	6
2	8
2	9
2	13
2	15
2	20
2	25
2	44
2	46
2	63
2	64
2	68
2	74
2	75
2	81
2	85
2	112
2	117
2	119
2	131
2	144
2	152
2	169
2	194
2	201
2	206
2	236
2	252
2	286
2	363
2	446
2	458
2	459
2	460
2	562
2	575
2	705
2	857
2	882
2	886
2	1102
2	1107
2	1159
2	1345
2	1346
2	1931
2	2047
2	2163
2	2412
2	2430
2	2553
2	2554
2	2702
2	2729
2	2839
2	2984
2	2987
2	2988
2	2992
2	3082
2	3125
2	3127
2	3373
2	3402
2	3511
2	3512
2	3838
2	4030
2	4133
2	4312
2	4327
2	4376
2	4556
2	4640
2	4681
2	4752
2	4823
2	5336
2	5345
2	5691
2	5820
2	5890
2	5894
2	5899
2	6112
2	6113
2	6189
2	6397
2	6506
2	6509
2	11472
2	12987
3	4
3	6
3	8
3	11
3	14
3	22
3	24
3	26
3	36
3	48
3	71
3	80
3	84
3	111
3	143
3	161
3	168
3	236
3	399
3	441
3	577
3	617
3	655
3	709
3	805
3	1606
3	2137
3	3203
3	3232
3	3393
3	3508
3	4236
3	5406
3	5445
3	5449
3	5467
3	5577
3	5655
3	6054
3	6240
3	9813
3	9821
3	10700
3	11943
3	11944
3	13952
3	14088
3	14090
3	14091
3	14099
3	14101
3	14109
3	14179
4	1
4	3
4	30
4	5548
4	6142
4	7490
5	1
5	6
5	9
5	11
5	80
5	5235
5	5394
5	5585
5	6142
5	12988
6	5
6	11
6	14
6	22
6	26
6	64
6	80
6	111
6	161
6	236
6	343
6	356
6	441
6	577
6	685
6	688
6	966
6	2888
6	3082
6	3715
6	4133
6	5344
6	5655
6	5744
6	5746
6	5750
6	5753
6	5756
6	5759
6	5762
6	6017
7	1
7	6
7	11
7	14
7	27
7	36
7	37
7	67
7	80
7	197
7	295
7	988
7	5585
7	5840
8	2
8	8
8	20
8	92
8	354
8	1284
8	1801
8	5841
9	1
9	2
9	4
9	5
9	73
9	80
9	103
9	106
9	147
9	178
9	236
9	242
9	262
9	277
9	672
9	718
9	3082
9	4133
9	4188
9	5925
10	1
10	4
10	5
10	11
10	24
10	80
10	100
10	138
10	141
10	356
11	1
11	3
11	8
11	10
11	22
11	26
11	119
11	139
11	169
11	197
11	3722
11	3981
11	5516
11	5548
11	5604
11	5935
11	6640
13	1
13	2
13	9
13	64
13	73
13	119
13	295
13	3722
14	1
14	8
14	9
14	63
14	64
14	169
14	1596
14	5890
14	5894
14	5899
15	8
15	75
17	8
17	562
19	1
19	2
19	11
19	21
19	73
19	84
19	828
19	1137
19	1152
19	1733
19	2059
19	2967
19	3391
19	4142
19	4156
19	4158
19	4311
19	4692
19	5198
19	5199
19	5302
19	5312
19	5523
19	5802
19	5804
19	5814
19	6199
19	6245
19	11542
20	8
21	155
21	212
22	1
22	8
22	9
22	15
22	20
22	35
22	74
22	104
22	112
22	206
22	361
22	454
22	3340
22	3589
22	3981
22	6201
24	10
24	22
24	139
24	264
24	332
24	2232
24	3344
24	3939
24	4341
24	5259
24	5261
24	5263
24	5265
24	5267
24	5269
25	1
25	4
25	5
25	8
25	9
25	11
25	13
25	14
25	20
25	26
25	64
25	80
25	119
25	334
25	2987
25	5167
25	5569
25	5672
25	6112
25	12989
26	25
26	36
26	166
26	222
26	232
26	302
26	957
26	1179
26	1250
26	1267
26	5527
26	5528
26	5539
26	5946
26	6102
28	3
28	30
29	52
31	20
31	92
35	8
35	9
35	44
35	96
35	201
36	11
36	22
36	35
36	74
36	104
37	4
37	8
37	9
37	11
37	13
37	14
37	20
37	65
37	80
37	101
37	143
37	1242
37	1259
37	2412
37	3838
39	13
39	21
39	39
39	2967
40	10
40	264
41	10
41	11
41	13
41	20
41	886
41	1092
43	15
43	105
43	645
43	1170
43	4500
44	9
44	11
44	13
44	35
44	46
44	74
44	96
44	942
44	3794
46	13
46	46
47	13
47	20
47	1931
49	8
49	9
49	13
49	14
49	20
49	25
49	27
49	35
49	36
49	152
49	438
49	2984
49	3082
49	3794
49	4823
49	5840
49	6113
52	4
52	80
52	617
55	8
55	112
58	4
58	8
58	9
58	11
58	80
58	4376
62	11
62	13
62	20
62	179
62	2163
63	13
63	14
63	46
63	74
63	75
63	112
63	513
64	3
64	8
64	9
64	13
64	20
64	25
64	63
64	144
64	152
64	352
64	4640
65	1
65	13
65	20
65	37
65	78
65	661
65	2553
65	4377
65	5820
66	21
66	4156
66	4158
67	6019
68	9
68	1081
73	13
73	20
73	2430
75	8
75	9
75	13
75	15
75	25
75	46
75	52
75	63
75	74
77	9
77	327
78	13
78	20
78	3512
79	13
79	20
79	25
79	166
79	3511
80	1
80	3
80	6
80	9
80	27
80	435
80	5548
80	6142
80	7490
80	12988
81	11
81	74
81	104
82	11
82	13
82	20
82	25
82	483
82	1179
82	2839
84	3589
85	20
85	25
85	352
85	354
87	120
91	10
91	26
91	139
91	2232
92	85
93	13
93	55
93	513
93	3892
95	8
95	85
95	5345
96	35
96	3862
97	13
97	14
97	20
97	22
97	283
97	302
97	957
97	3125
99	25
99	222
100	10
100	3344
100	4644
100	5449
100	5467
101	4
101	11
101	14
101	80
101	143
101	2972
103	13
103	842
104	8
104	81
105	8
105	15
106	1
106	1168
109	11
109	100
109	138
110	35
110	105
110	3862
110	4500
112	8
112	63
116	4
116	5
116	80
116	577
117	1
117	20
117	119
117	199
117	1168
118	4
118	5
118	80
118	111
118	236
118	3506
120	13
120	20
120	4681
121	8
121	117
123	13
123	20
123	2047
124	8
124	446
129	13
129	235
129	341
129	448
129	4574
129	5859
129	11356
130	4
130	9
130	35
130	80
130	655
130	3794
131	2
131	13
131	39
131	74
131	206
131	342
134	170
134	315
135	13
135	20
135	21
135	1152
135	2988
136	10
136	5269
138	10
138	22
138	26
138	139
139	11
139	100
139	138
141	101
141	966
143	16
143	65
143	101
143	364
143	966
144	5775
144	6510
146	1371
146	2734
148	13
148	20
148	2702
149	1
149	4
149	5
149	11
149	22
149	36
149	80
149	122
152	13
152	14
152	20
152	49
152	3402
153	14
153	253
155	73
155	4144
156	13
156	5809
156	13425
160	4
160	48
160	80
161	26
161	5167
169	9
169	327
169	438
169	6568
170	147
170	4188
173	11
173	229
173	685
179	86
179	134
183	13
183	20
183	2554
185	221
188	4
188	13
188	20
188	80
188	2992
188	3508
194	5775
194	6510
196	13
196	4030
197	4
197	8
197	80
197	236
197	3232
199	6019
201	13
201	46
203	4
203	80
203	13952
206	8
206	131
206	342
213	27
213	37
213	67
214	178
214	672
222	11
222	84
226	4
226	71
226	80
227	9
227	33
229	10
229	3939
232	6201
235	13
235	341
236	9
236	197
236	1159
239	8
239	14
239	365
239	705
241	14
241	60
243	124
243	267
252	8
252	9
252	252
258	4
258	80
258	168
263	4
263	5
263	8
263	80
263	441
263	1102
269	55
269	3892
275	636
277	8
277	103
277	277
279	4
279	80
279	3393
286	13
286	39
286	44
286	74
286	342
286	361
315	170
315	750
315	986
315	7282
330	242
330	672
334	25
334	232
337	27
337	295
337	438
340	27
340	435
341	13
341	448
342	5
342	80
342	343
343	2
343	8
343	15
343	35
343	44
343	63
343	75
343	112
343	342
343	3723
343	3802
346	6124
350	165
354	111
354	118
355	11
355	3758
360	8
360	206
361	8
361	35
361	286
361	342
363	8
363	459
364	8
364	363
365	8
365	16
365	101
365	364
365	1346
369	103
369	369
369	718
369	721
390	4
390	80
390	399
407	13
407	20
407	3127
418	5
418	8
418	356
418	1107
432	4
432	709
437	25
437	33
437	77
437	1250
441	1
441	5
441	80
441	3082
441	3340
446	13
446	52
447	111
447	279
448	13
448	11356
455	3
455	13
458	13
458	14
458	39
458	63
458	342
458	460
459	13
459	39
459	842
460	75
460	342
463	1
463	78
463	3506
469	4
469	80
469	84
491	14
491	22
491	1962
498	8
498	277
498	718
506	302
506	5528
522	5
522	966
526	106
526	672
544	1
544	6
544	11
544	80
544	5585
546	6
546	5235
559	147
559	672
593	4
593	80
593	14179
597	4
597	3232
606	302
606	5527
614	21
614	4142
623	4
623	5
623	80
623	111
624	8
624	4133
631	1
631	8
631	74
631	197
631	1159
632	5831
636	9
636	13
636	96
655	13
655	20
655	25
655	144
668	1172
668	5345
673	2
673	1801
677	13
677	39
683	11
683	100
687	688
687	5344
699	9
699	74
699	454
704	27
704	435
705	8
705	112
705	342
705	458
718	8
718	718
760	185
760	221
760	760
780	5659
787	13
787	20
787	2839
794	615
794	1096
811	11
811	5627
821	21
821	3391
831	864
831	1678
842	1
842	5
842	80
842	687
842	2097
842	6017
842	11907
853	9
853	13
853	194
856	21
856	2967
857	3
857	13
857	20
857	25
944	1
944	2637
962	6
962	5394
1005	9
1005	65
1063	10
1063	11
1063	1092
1081	8
1081	68
1094	111
1094	577
1096	5
1096	2888
1099	111
1099	424
1100	25
1100	1267
1102	9
1102	188
1103	11
1103	105
1103	119
1103	295
1134	13
1134	882
1137	170
1137	315
1137	750
1149	1259
1159	8
1159	9
1159	6189
1170	4
1170	80
1170	6240
1172	5345
1177	9
1177	92
1177	137
1179	11
1179	3765
1182	197
1182	988
1185	2
1185	13
1185	119
1185	857
1185	3722
1185	5841
1197	11
1197	6224
1204	2
1204	1284
1209	11
1209	229
1209	685
1209	5744
1209	5746
1209	5750
1209	5753
1209	5756
1209	5759
1209	5762
1213	91
1217	1
1217	37
1217	4377
1230	13
1230	13425
1234	14
1234	109
1242	14
1242	143
1242	2972
1250	5
1250	80
1250	4133
1271	5
1271	685
1279	8
1279	4556
1290	962
1290	1190
1344	8
1344	1345
1346	8
1346	15
1346	342
1346	460
1352	16
1352	101
1352	364
1384	1
1384	1596
1412	3
1412	6
1412	6142
1449	242
1449	1978
1563	8
1563	169
1609	8
1609	2729
1635	13
1635	20
1635	886
1636	13
1636	20
1636	2163
1637	13
1637	20
1637	3402
1637	6113
1638	13
1638	20
1638	2984
1639	13
1639	20
1639	3125
1640	13
1640	20
1640	6112
1641	13
1641	20
1641	2987
1642	13
1642	20
1642	2412
1643	13
1643	20
1643	2988
1644	13
1644	20
1644	3127
1645	13
1645	20
1645	2047
1646	13
1646	20
1646	1931
1647	13
1647	20
1647	2430
1647	5336
1648	13
1648	20
1648	3511
1649	13
1649	20
1649	2702
1650	13
1650	20
1650	2553
1651	13
1651	20
1651	2992
1652	13
1652	20
1652	3512
1653	13
1653	20
1653	2554
1693	11
1693	5578
1794	10
1794	5467
1798	267
1798	1335
1832	10
1832	5261
1909	120
1944	10
1944	5265
1977	242
1977	1978
1983	4
1983	80
1983	2137
1984	4
1984	2137
2051	11
2051	1242
2103	462
2103	2489
2133	9
2133	60
2291	14
2291	97
2291	109
2336	8
2336	5345
2378	302
2378	6102
2442	21
2442	6199
2470	5830
2504	1
2504	24
2504	141
2504	2631
2532	9
2532	740
2593	10
2593	5259
2647	5935
2743	3800
2743	11475
2798	11
2798	26
2798	3167
2798	5672
2909	4
2909	80
2909	14099
3057	4
3057	80
3057	1606
3087	1
3087	3
3087	5548
3090	1
3090	8
3090	9
3090	64
3090	119
3090	3838
3112	9
3112	6568
3227	11
3227	5636
3296	11
3296	14
3296	3415
3306	21
3306	4311
3319	5
3319	688
3356	1
3356	4309
3360	9
3360	870
3393	4
3393	6054
3453	11
3453	3589
3479	1
3479	445
3506	1
3506	78
3506	661
3546	9
3546	137
3638	13
3638	20
3638	4312
3657	11
3657	13
3657	5818
3657	13309
3794	20
3794	122
3798	3633
3803	10
3803	4341
3826	4
3826	5406
3838	8
3838	9
3838	4376
3880	66
3880	3523
3939	11
3939	229
3939	5744
3968	5
3968	3715
3979	22
3979	424
4006	9
4006	137
4085	615
4085	1096
4122	8
4122	9
4122	6509
4146	11
4146	13
4146	5809
4146	5818
4232	342
4232	3723
4250	3800
4250	11475
4283	342
4283	3802
4294	8
4294	4327
4310	132
4310	614
4327	13
4327	1081
4376	8
4376	9
4376	25
4376	4640
4390	25
4390	5539
4411	1
4411	4
4411	80
4411	2631
4411	4236
4421	42
4421	666
4435	4
4435	80
4435	11944
4441	21
4441	4692
4489	73
4489	4144
4556	8
4556	4752
4575	11
4575	5411
4575	5412
4618	5
4618	5744
4619	5
4619	5753
4620	5
4620	5750
4633	5
4633	5762
4640	8
4640	9
4640	3373
4652	105
4652	4824
4666	64
4666	5569
4688	5
4688	5759
4735	13
4735	20
4735	4681
4738	33
4738	6022
4751	8
4751	9
4751	11
4751	3373
4751	4823
4752	13
4752	1081
4823	122
4823	4677
4874	1
4874	5925
4895	13
4895	536
4895	3684
4895	5925
4911	1582
4911	4884
4916	4677
4916	5569
5167	4
5167	5
5167	14
5167	80
5167	161
5196	1733
5196	5198
5196	5199
5196	5312
5197	1733
5197	5198
5197	5199
5197	5312
5200	11
5200	5800
5223	11
5223	229
5223	5759
5239	5516
5254	9
5254	5255
5270	10
5270	5267
5274	10
5274	5263
5301	21
5301	5302
5335	9
5335	13
5335	20
5335	5336
5335	5691
5337	10
5337	4644
5378	111
5378	118
5386	5
5386	5344
5396	9
5396	243
5401	116
5401	1582
5403	221
5403	5394
5427	11
5427	13
5427	13309
5444	4
5444	5445
5448	4
5448	5449
5450	4
5450	5467
5461	10
5461	5449
5512	262
5512	672
5522	21
5522	5523
5576	4
5576	5577
5578	5604
5601	22
5601	232
5635	5832
5654	4
5654	5
5654	80
5654	5655
5691	5692
5691	5694
5692	212
5692	5698
5693	5692
5693	5694
5694	5693
5694	11433
5699	14
5699	109
5699	5688
5713	293
5713	5712
5745	11
5745	229
5745	5746
5747	5
5747	5746
5749	11
5749	229
5749	5750
5752	11
5752	229
5752	5753
5755	11
5755	229
5755	5756
5757	5
5757	5756
5761	11
5761	229
5761	5762
5771	6508
5776	3167
5776	6453
5796	124
5796	5796
5801	21
5801	5802
5803	21
5803	5804
5809	11
5809	5810
5813	21
5813	5814
5818	21
5818	828
5818	6245
5839	31
5839	5838
5889	8
5889	9
5889	5890
5893	8
5893	9
5893	5894
5898	8
5898	9
5898	5899
5921	20
5921	6250
5931	25
5931	42
5946	22
5946	48
5947	25
5947	5946
6055	9
6055	6056
6056	11
6056	6057
6123	6124
6136	124
6136	6135
6202	4
6202	805
6206	9
6206	180
6235	1371
6235	2734
6249	20
6249	6250
6452	3167
6452	6453
6505	9
6505	13
6505	6506
6507	8
6507	9
6507	6508
6507	6509
6548	4
6548	24
6548	80
6581	11
6581	6582
6641	6640
6749	4
6749	80
6749	9821
6755	160
6755	1327
6893	111
6893	222
6899	1
6899	3
6899	7490
7281	986
7281	7282
7836	8
7836	11472
7838	13
7838	6397
9812	4
9812	80
9812	9813
10905	5659
10905	5831
11356	13
11356	4574
11356	5859
11426	22
11426	11427
11427	4
11427	80
11427	3203
11432	5693
11432	11433
11516	9
11516	11544
11519	58
11519	571
11541	21
11541	84
11541	11542
11907	688
11942	4
11942	80
11942	11943
12986	8
12986	12987
12987	6
12987	9
12987	12988
12988	26
12988	12989
12989	33
12989	47
13309	21
13309	2059
13638	4
13638	80
13638	10700
14087	4
14087	80
14087	14088
14089	4
14089	80
14089	14090
14090	4
14090	80
14090	14091
14097	11
14097	805
14099	4
14099	80
14099	14101
14108	4
14108	80
14108	14109
