1	1
1	2
1	3
1	4
1	5
1	8
1	9
1	10
1	13
1	14
1	15
1	17
1	20
1	21
1	22
1	25
1	26
1	27
1	31
1	33
1	35
1	36
1	37
1	42
1	44
1	47
1	49
1	58
1	60
1	63
1	65
1	66
1	75
1	80
1	84
1	85
1	89
1	95
1	97
1	99
1	101
1	105
1	106
1	109
1	112
1	116
1	121
1	124
1	135
1	137
1	144
1	147
1	155
1	159
1	161
1	162
1	169
1	178
1	180
1	181
1	188
1	197
1	221
1	234
1	243
1	245
1	252
1	253
1	258
1	259
1	267
1	283
1	293
1	300
1	330
1	334
1	342
1	345
1	348
1	352
1	365
1	438
1	460
1	492
1	536
1	571
1	585
1	655
1	666
1	668
1	695
1	721
1	740
1	760
1	794
1	804
1	818
1	864
1	954
1	962
1	984
1	1063
1	1181
1	1190
1	1290
1	1335
1	1582
1	1678
1	1962
1	2170
1	2336
1	2474
1	2528
1	2686
1	2741
1	2835
1	2946
1	3089
1	3341
1	3523
1	3539
1	3692
1	3723
1	3802
1	3895
1	4462
1	4483
1	4554
1	4640
1	4677
1	4691
1	4734
1	4824
1	4884
1	4895
1	4896
1	5394
1	5402
1	5404
1	5569
1	5635
1	5688
1	5691
1	5698
1	5712
1	5796
1	5838
1	5922
1	5923
1	5925
1	6016
1	6022
1	6056
1	6135
1	6144
1	6148
1	6377
1	6714
1	6755
1	7838
1	11427
1	11440
1	11476
1	11542
1	11824
1	11924
1	11950
2	3
2	8
2	9
2	10
2	13
2	16
2	18
2	20
2	25
2	35
2	40
2	46
2	61
2	63
2	64
2	74
2	85
2	91
2	92
2	117
2	119
2	144
2	154
2	169
2	197
2	206
2	227
2	231
2	234
2	236
2	252
2	345
2	361
2	363
2	404
2	415
2	446
2	498
2	531
2	536
2	562
2	627
2	647
2	668
2	683
2	692
2	857
2	882
2	886
2	993
2	1102
2	1172
2	1212
2	1299
2	1346
2	1931
2	2047
2	2163
2	2412
2	2430
2	2553
2	2554
2	2702
2	2729
2	2839
2	2876
2	2984
2	2987
2	2988
2	2992
2	3082
2	3125
2	3127
2	3175
2	3287
2	3373
2	3406
2	3511
2	3512
2	3541
2	3838
2	4030
2	4133
2	4327
2	4376
2	4419
2	4494
2	4556
2	4640
2	4681
2	4702
2	4734
2	4752
2	4807
2	4823
2	4846
2	4877
2	4882
2	5336
2	5345
2	5691
2	5820
2	5890
2	5894
2	5899
2	5928
2	5929
2	6112
2	6113
2	9332
2	11436
3	4
3	6
3	11
3	14
3	20
3	22
3	24
3	26
3	33
3	60
3	71
3	80
3	84
3	99
3	109
3	111
3	135
3	136
3	161
3	162
3	236
3	248
3	258
3	266
3	334
3	415
3	424
3	441
3	455
3	504
3	577
3	655
3	709
3	804
3	818
3	937
3	954
3	957
3	1179
3	1181
3	1929
3	2051
3	2170
3	2835
3	2946
3	3232
3	3340
3	3912
3	4236
3	4281
3	4554
3	4631
3	5445
3	5577
3	5635
3	6144
3	6755
3	11924
3	14090
3	14099
4	1
4	3
4	30
4	7490
5	1
5	4
5	6
5	129
5	4039
6	5
6	11
6	14
6	24
6	26
6	33
6	64
6	80
6	111
6	139
6	143
6	161
6	199
6	236
6	332
6	334
6	343
6	415
6	441
6	445
6	504
6	577
6	685
6	688
6	1236
6	2637
6	2652
6	3082
6	3287
6	3340
6	3341
6	3912
6	4133
6	4181
6	4281
6	4631
6	5344
6	5379
6	5744
6	5746
6	5750
6	5753
6	5756
6	5759
6	5762
6	5765
6	6010
6	11437
6	14463
7	14
7	27
7	36
7	295
7	5840
7	6635
8	2
8	1801
9	1
9	2
9	4
9	5
9	8
9	10
9	11
9	15
9	35
9	46
9	73
9	74
9	80
9	95
9	103
9	112
9	227
9	236
9	277
9	718
9	2876
9	3082
9	3287
9	4133
9	5765
9	5925
10	1
10	4
10	5
10	8
10	9
10	11
10	13
10	20
10	24
10	36
10	40
10	58
10	91
10	100
10	136
10	141
10	154
10	512
10	527
10	531
10	681
10	3112
10	6255
10	11949
10	14120
11	22
11	68
11	119
11	3722
13	1
13	2
13	8
13	9
13	64
13	73
13	106
13	108
13	119
13	147
13	242
13	262
13	295
13	385
13	536
13	3722
13	4051
14	1
14	8
14	9
14	63
14	64
14	1596
14	5890
14	5894
14	5899
16	122
16	1352
17	8
17	562
19	1
19	2
19	11
19	21
19	73
19	84
19	828
19	1079
19	1152
19	1733
19	2059
19	2967
19	3391
19	4156
19	4157
19	4160
19	4340
19	5198
19	5199
19	5302
19	5312
19	5523
19	5802
19	5804
19	5814
19	6199
19	6245
19	11542
20	8
20	119
20	147
21	147
21	3539
22	1
22	4
22	5
22	8
22	11
22	15
22	24
22	35
22	74
22	104
22	112
22	206
22	251
22	361
22	454
22	3340
22	3589
22	6201
22	6762
22	11437
24	10
24	22
24	227
24	624
24	2727
24	3341
24	3773
24	4256
24	4341
24	5135
24	6442
25	1
25	4
25	5
25	8
25	9
25	10
25	13
25	14
25	20
25	26
25	64
25	77
25	80
25	119
25	217
25	415
25	624
25	2987
25	3287
25	3541
25	5167
25	5569
25	5672
25	5928
25	5929
25	6112
25	9332
25	12989
26	11
26	22
26	25
26	36
26	141
26	166
26	233
26	302
26	671
26	957
26	1179
26	1250
26	1267
26	3232
26	3465
26	5527
26	5528
26	5539
26	5817
26	5946
26	6054
26	6102
28	3
28	30
28	122
29	52
30	28
30	41
30	1528
31	8
31	92
31	95
31	404
31	615
31	668
33	8
33	227
36	1
36	11
36	74
37	8
37	9
37	10
37	13
37	20
37	65
37	101
37	1259
37	2412
37	3838
37	5596
37	5598
37	5729
39	13
39	21
39	39
39	2967
41	8
41	9
41	10
41	13
41	20
41	133
41	886
41	1212
41	3341
42	8
42	9
42	30
42	91
42	97
42	122
42	1118
42	1352
43	9
43	15
43	4631
43	5893
43	5898
44	1
44	9
44	13
44	20
44	35
44	46
44	58
44	74
44	3794
44	4494
44	4895
44	5922
46	8
46	13
46	15
46	35
46	46
46	112
47	10
47	13
47	20
47	1931
47	2727
49	8
49	9
49	13
49	14
49	20
49	25
49	27
49	35
49	36
49	122
49	438
49	2984
49	3082
49	3406
49	3794
49	4823
49	5840
49	6113
52	3733
58	8
58	9
58	10
58	22
58	234
58	4376
58	4734
61	13
61	16
62	13
62	20
62	2163
63	13
63	14
63	46
63	74
63	75
63	112
63	269
63	513
63	11435
64	3
64	8
64	9
64	13
64	20
64	25
64	63
64	144
64	169
64	352
64	4640
64	11355
65	1
65	13
65	14
65	20
65	22
65	37
65	78
65	661
65	2218
65	2553
65	4377
65	5820
66	13
66	21
66	4156
66	4157
66	4160
66	4432
67	6019
68	22
68	117
68	5125
68	13378
71	4
71	60
71	162
73	13
73	20
73	2430
74	9
74	22
74	1269
74	4085
74	4631
74	4691
75	8
75	9
75	13
75	15
75	25
75	29
75	43
75	46
75	52
75	63
75	74
75	5326
77	9
77	327
78	13
78	20
78	3512
79	13
79	20
79	25
79	166
79	3511
80	1
80	3
80	6
80	33
80	94
80	97
80	129
80	155
80	343
80	4039
80	7490
81	74
81	104
82	13
82	20
82	25
82	1179
82	2839
84	4
84	5
84	24
84	33
84	80
84	3589
85	25
85	231
85	279
85	352
89	31
89	95
89	103
89	267
89	615
89	2336
89	2591
91	10
91	1118
91	4462
92	5
92	80
92	85
92	1236
93	4
93	5
93	13
93	55
93	80
93	111
93	513
93	3892
95	8
95	85
95	615
95	1094
95	5345
97	13
97	14
97	20
97	22
97	33
97	42
97	283
97	302
97	957
97	2291
97	3125
100	8
100	9
100	10
100	683
100	2876
101	4
101	5
101	8
101	9
101	80
101	234
101	415
101	504
101	9332
103	13
103	29
103	498
103	668
103	842
105	106
105	119
106	1
106	1168
109	58
109	68
109	100
109	6006
116	4
116	5
116	80
116	577
117	1
117	20
117	119
117	199
117	1168
117	5382
117	12215
118	4
118	5
118	11
118	68
118	80
118	85
118	111
118	117
118	231
118	236
118	279
118	3506
118	11437
120	13
120	20
120	4681
121	8
121	117
123	13
123	20
123	25
123	233
123	2047
124	8
124	446
128	55
128	6138
128	6139
129	13
129	4432
129	4574
129	5859
129	11356
130	4
130	9
130	35
130	80
130	119
130	262
130	655
130	3794
130	4734
131	2
131	13
131	39
131	74
131	206
131	342
133	8
133	9
133	993
135	13
135	14
135	20
135	21
135	785
135	1152
135	2988
138	5
138	80
138	139
140	357
140	615
141	11
141	4424
143	5
143	16
143	65
143	101
143	364
143	415
143	440
143	445
144	8
144	35
144	119
144	242
148	4
148	5
148	13
148	20
148	80
148	2702
148	3912
152	14
152	49
153	14
153	253
155	73
155	4144
156	13
156	251
156	5809
156	13425
158	1
158	24
158	36
158	311
158	417
159	275
159	615
161	26
161	5167
163	8
163	2876
169	9
169	327
169	438
170	147
170	3089
181	310
183	13
183	20
183	25
183	141
183	2554
185	221
186	4
186	22
186	80
188	13
188	14
188	20
188	37
188	84
188	109
188	2992
195	55
195	5681
195	6062
196	13
196	4030
197	4
197	8
197	80
197	236
197	3232
199	231
199	6019
201	13
201	46
206	8
206	342
208	267
208	615
208	2995
217	8
217	9
217	692
221	8
221	404
221	1172
226	4
226	71
226	80
227	9
227	33
229	4688
229	6022
229	6025
229	6251
229	6252
229	6253
232	6201
234	8
234	9
234	101
234	3294
234	4734
234	5928
236	9
236	197
236	1159
241	14
241	60
243	124
243	267
243	615
243	5396
247	615
247	2888
248	11
248	4424
249	13
249	20
249	154
250	8
250	18
251	25
251	254
251	11355
252	8
252	9
252	252
252	267
254	1
254	4
254	11
254	80
254	166
254	1179
255	8
255	61
257	8
257	345
258	8
258	197
259	508
263	4
263	5
263	8
263	10
263	80
263	441
263	1102
263	1118
267	8
267	95
267	404
267	668
269	55
269	3892
269	5980
275	636
277	103
277	208
277	277
279	9
279	4691
283	33
283	155
286	13
286	39
286	44
286	74
286	330
286	342
286	361
286	536
288	8
288	9
288	25
288	169
288	683
288	4419
293	208
297	42
297	155
310	8
310	231
311	1
311	5
311	11
311	26
311	80
311	417
311	5379
314	8
314	627
320	33
320	94
320	97
320	155
320	343
320	5824
327	13
327	20
327	3406
329	1
329	352
329	615
329	6023
337	27
337	295
337	438
342	5
342	33
342	80
342	94
342	97
342	155
342	343
343	2
343	8
343	15
343	35
343	44
343	63
343	75
343	112
343	342
343	3723
343	3802
343	3895
344	55
344	5980
345	5
345	11
345	80
345	199
346	6124
347	13
347	20
347	40
348	105
348	4851
348	5888
348	5897
352	14
352	85
354	111
354	118
357	33
357	352
360	8
360	206
361	35
361	342
362	8
362	361
364	8
364	363
365	8
365	364
365	415
365	1346
369	103
369	718
380	14
380	106
388	10
388	5135
392	615
392	644
404	8
404	92
404	404
404	668
404	1172
407	13
407	20
407	25
407	671
407	3127
407	3465
409	33
409	73
415	4
415	5
415	80
415	504
416	13
416	40
416	269
416	681
432	4
432	709
437	25
437	77
437	624
437	1250
440	5
440	80
440	143
441	1
441	5
441	80
441	3082
441	3340
442	3736
445	80
445	234
446	13
446	52
447	111
447	279
448	13
448	11356
455	3
455	13
458	13
458	14
458	39
458	63
458	342
458	460
459	13
459	39
459	842
460	13
460	75
460	342
460	365
463	1
463	78
463	3506
469	4
469	80
469	84
479	6762
490	8
490	9
490	531
491	14
491	22
491	1962
492	89
492	95
492	124
492	5402
493	5
493	8
493	80
493	2637
493	2652
493	3175
506	302
506	5528
534	8
534	647
542	14
542	22
542	97
542	155
542	1118
555	4
555	5
555	80
555	334
562	9
562	17
568	1
568	13
568	921
570	55
570	6062
577	4
577	80
577	258
579	4
579	10
579	248
579	4424
579	5118
579	5119
582	10
582	5598
583	4
583	424
597	4
597	3232
602	10
602	3773
605	10
605	416
606	302
606	5527
615	22
615	4085
620	117
624	8
624	4133
630	10
630	4424
631	1
631	74
631	197
632	5831
637	4
637	80
637	954
655	13
655	20
655	25
655	119
655	144
655	385
666	680
668	1172
668	5345
673	2
673	1801
677	13
677	39
680	8
680	9
680	11
680	47
680	4877
681	10
681	416
687	688
687	5344
692	8
692	9
692	4877
699	74
699	454
705	112
705	342
718	369
721	267
721	721
729	12452
760	221
760	760
780	5659
787	13
787	20
787	2839
791	300
821	21
821	3391
826	1
826	11
826	79
831	864
831	1678
842	1
842	687
842	2097
842	11907
856	21
856	2967
857	3
857	13
857	20
857	25
860	4
860	80
860	135
860	1929
882	8
882	10
885	11
885	22
885	68
885	5817
900	6
900	22
900	4039
900	5125
916	24
916	3112
921	8
921	9
921	415
944	1
944	2637
979	33
979	94
979	97
979	343
979	5824
993	8
993	9
993	4702
993	4846
993	4882
1005	9
1005	25
1005	65
1005	3232
1033	10
1033	5118
1050	4
1050	5
1050	8
1050	9
1050	80
1050	1212
1050	4631
1077	33
1077	73
1077	94
1077	155
1077	343
1077	2291
1083	689
1094	111
1094	577
1100	25
1100	1267
1101	231
1102	9
1102	188
1103	11
1103	105
1103	119
1103	295
1118	14
1118	42
1118	109
1118	155
1118	2291
1134	13
1134	882
1144	5
1144	332
1149	4
1149	80
1149	1181
1149	1259
1157	4
1157	5
1157	80
1157	4281
1165	5
1165	80
1165	3287
1167	9
1167	585
1171	3735
1172	5
1172	80
1172	1236
1172	5345
1185	13
1185	119
1185	857
1185	3722
1212	8
1212	9
1212	692
1217	1
1217	37
1217	4377
1229	21
1229	4340
1230	13
1230	13425
1235	124
1235	137
1236	345
1250	5
1250	80
1250	4133
1269	9
1269	251
1271	5
1271	685
1279	8
1279	4556
1281	13
1281	1299
1290	962
1290	1190
1300	1
1300	20
1300	921
1300	4807
1346	15
1346	342
1352	16
1352	440
1353	1
1353	11
1380	4
1380	266
1384	1
1384	1596
1412	4
1412	136
1419	37
1419	97
1449	242
1449	1978
1451	615
1451	6188
1609	8
1609	2729
1613	95
1613	124
1613	492
1613	5404
1635	13
1635	20
1635	886
1636	13
1636	20
1636	2163
1637	13
1637	20
1637	6113
1638	13
1638	20
1638	2984
1639	13
1639	20
1639	3125
1640	13
1640	20
1640	6112
1641	13
1641	20
1641	2987
1642	13
1642	20
1642	2412
1643	13
1643	20
1643	2988
1644	13
1644	20
1644	3127
1645	13
1645	20
1645	2047
1646	13
1646	20
1646	1931
1647	13
1647	20
1647	2430
1647	5336
1648	13
1648	20
1648	3511
1649	13
1649	20
1649	2702
1650	13
1650	20
1650	2553
1651	13
1651	20
1651	2992
1652	13
1652	20
1652	3512
1653	13
1653	20
1653	2554
1697	615
1697	6311
1798	267
1798	1335
1921	37
1921	695
1929	4
1929	80
1929	135
1977	242
1977	1978
2066	12453
2133	9
2133	60
2291	14
2291	22
2291	97
2291	109
2291	155
2315	1
2315	2582
2315	11811
2336	8
2336	5345
2376	14
2376	178
2378	302
2378	6102
2430	101
2430	3294
2432	28
2432	41
2432	1528
2442	21
2442	6199
2470	5830
2474	2474
2474	11476
2504	1
2504	24
2504	141
2504	2631
2532	9
2532	740
2576	4
2576	80
2576	11924
2591	668
2591	2336
2637	1
2637	230
2670	4
2670	80
2670	818
2739	2
2739	13
2739	119
2739	2741
2741	4896
2743	3800
2743	11475
2798	26
2798	5672
2909	4
2909	80
2909	14099
2912	4
2912	937
2917	4
2917	424
2939	10
2939	5119
2972	4
2972	80
2972	2051
3023	342
3023	3895
3090	1
3090	8
3090	9
3090	64
3090	119
3090	3838
3175	9
3175	1269
3240	6635
3263	11
3263	73
3263	1079
3263	5198
3283	10
3283	6442
3319	5
3319	688
3356	1
3356	4309
3406	62
3406	122
3506	1
3506	78
3506	661
3539	121
3539	155
3541	8
3541	9
3541	3541
3543	9
3543	348
3561	6143
3657	11
3657	13
3657	5818
3657	13309
3741	5
3741	5765
3794	20
3794	122
3798	3633
3803	10
3803	4341
3838	8
3838	9
3838	4376
3862	110
3862	5869
3880	66
3880	3523
3883	4896
3943	5
3943	14
3943	3341
3972	4
3972	5
3972	10
3972	80
3972	3340
3972	4462
3979	22
3979	424
4039	1
4039	141
4085	275
4085	352
4085	357
4085	615
4085	644
4085	668
4085	934
4085	1094
4085	2591
4085	2888
4085	2995
4085	5396
4085	6187
4085	6188
4085	6311
4146	11
4146	13
4146	5809
4146	5818
4232	342
4232	3723
4250	3800
4250	11475
4256	13
4256	43
4272	1
4272	5
4272	141
4272	4181
4272	6010
4283	342
4283	3802
4294	8
4294	4327
4302	108
4302	119
4376	8
4376	9
4376	25
4376	4640
4390	25
4390	5539
4411	1
4411	4
4411	80
4411	2631
4411	4236
4421	42
4421	666
4489	73
4489	4144
4501	13
4501	43
4556	8
4556	4752
4618	5
4618	5744
4619	5
4619	5753
4620	5
4620	5750
4633	5
4633	5762
4640	8
4640	9
4640	3373
4652	105
4652	4688
4652	4824
4652	6022
4666	1
4666	64
4666	1267
4666	5569
4677	8
4677	9
4677	101
4677	119
4677	4051
4677	4734
4688	5
4688	5759
4691	9
4691	944
4700	8
4700	9
4700	4846
4702	105
4702	4851
4735	13
4735	20
4735	4681
4737	1290
4737	1582
4738	33
4738	6022
4751	8
4751	9
4751	11
4751	3373
4751	4823
4807	13
4807	921
4823	122
4823	4677
4846	105
4846	5888
4851	15
4851	5893
4874	1
4874	266
4874	1300
4874	5925
4877	8
4877	9
4877	4882
4882	105
4882	5897
4895	13
4895	5925
4895	6148
4896	4916
4911	1582
4911	4884
4916	4677
4916	5569
4927	55
4927	6138
5116	5
5116	80
5116	332
5122	245
5122	695
5125	22
5125	68
5125	6006
5130	4
5130	80
5130	2835
5167	4
5167	5
5167	14
5167	80
5167	161
5167	11823
5196	1733
5196	5198
5196	5199
5196	5312
5197	1733
5197	5198
5197	5199
5197	5312
5250	13
5250	5326
5301	21
5301	5302
5335	9
5335	13
5335	20
5335	5336
5335	5691
5338	10
5338	5596
5345	231
5345	279
5378	111
5378	118
5379	11
5379	26
5382	85
5382	117
5382	231
5382	279
5382	13378
5386	5
5386	5344
5396	9
5396	243
5399	124
5399	794
5400	124
5400	159
5401	116
5401	124
5401	1582
5402	31
5402	124
5403	221
5403	5394
5404	124
5404	5402
5427	11
5427	13
5427	13309
5444	4
5444	5445
5445	4
5445	80
5445	4554
5463	245
5463	4483
5464	37
5464	4483
5465	245
5465	2528
5466	37
5466	2528
5519	37
5519	84
5522	21
5522	5523
5576	4
5576	5577
5601	22
5601	232
5634	4
5634	80
5634	5635
5635	5832
5665	4
5665	99
5673	55
5673	5681
5688	9
5688	28
5688	33
5688	41
5688	42
5688	1528
5688	5699
5691	5692
5691	5694
5693	5692
5693	5694
5694	5693
5694	11433
5699	14
5699	22
5699	109
5699	5688
5699	5698
5700	33
5700	5699
5701	42
5701	5699
5702	9
5702	5699
5713	293
5713	5712
5726	5729
5747	5
5747	5746
5757	5
5757	5756
5776	3167
5776	6453
5796	124
5796	5796
5801	21
5801	5802
5803	21
5803	5804
5813	21
5813	5814
5816	22
5816	68
5816	5817
5818	21
5818	828
5818	6245
5823	4
5823	957
5839	31
5839	5838
5868	110
5868	5869
5889	8
5889	9
5889	5890
5892	8
5892	9
5892	4702
5893	8
5893	9
5893	5894
5897	15
5897	5898
5898	8
5898	9
5898	5899
5921	20
5921	6250
5922	58
5922	5923
5923	6148
5928	8
5928	9
5928	5929
5931	25
5931	42
5936	4
5936	80
5936	2946
5947	25
5947	5946
5984	4
5984	80
5984	109
5985	4
5985	804
5994	24
5994	6255
6002	4
6002	2170
6006	14463
6007	1
6007	5
6007	80
6007	671
6007	14463
6010	22
6010	4181
6010	5125
6016	181
6016	259
6016	6016
6023	1
6023	6023
6026	6251
6026	6253
6037	1582
6037	3692
6055	9
6055	25
6055	6054
6055	6056
6059	14
6059	11824
6123	6124
6126	1582
6126	2686
6136	124
6136	6135
6140	55
6140	6139
6145	4
6145	6144
6156	10
6156	4256
6186	615
6186	6187
6206	9
6206	180
6235	689
6249	20
6249	6250
6250	8
6250	9
6250	4419
6251	6025
6251	6252
6376	33
6376	6377
6452	3167
6452	6453
6715	24
6715	527
6754	4
6754	6755
6893	111
6893	222
6899	1
6899	3
6899	7490
7118	24
7118	512
8604	12095
8639	12096
9813	1063
9820	91
9820	512
9825	6714
10905	5659
10905	5831
11356	13
11356	4574
11356	5859
11426	22
11426	11427
11432	5693
11432	11433
11434	5
11434	13
11434	80
11434	11435
11434	11437
11435	8
11435	11436
11436	55
11436	11453
11439	58
11439	11440
11453	1
11453	2582
11453	11811
11472	9
11472	7838
11477	615
11477	934
11519	58
11519	571
11541	21
11541	84
11541	11542
11811	1
11811	6
11811	129
11907	688
11948	100
11948	11949
11949	10
11949	11950
12214	5382
12214	12215
12988	26
12988	12989
12989	33
12989	47
13309	21
13309	2059
13378	68
13378	231
14089	4
14089	80
14089	14090
14119	91
14119	14120
