1	1
1	3
1	4
1	5
1	8
1	9
1	10
1	11
1	13
1	14
1	15
1	20
1	21
1	22
1	25
1	26
1	30
1	33
1	35
1	41
1	42
1	47
1	49
1	55
1	58
1	60
1	63
1	65
1	66
1	69
1	74
1	75
1	77
1	80
1	84
1	85
1	86
1	101
1	105
1	109
1	112
1	121
1	132
1	144
1	147
1	155
1	161
1	162
1	166
1	169
1	180
1	181
1	188
1	234
1	252
1	255
1	259
1	281
1	302
1	342
1	344
1	345
1	365
1	416
1	438
1	460
1	571
1	655
1	666
1	740
1	864
1	870
1	890
1	954
1	966
1	1024
1	1035
1	1187
1	1228
1	1268
1	1304
1	1367
1	1368
1	1419
1	1678
1	3058
1	3089
1	3341
1	3419
1	3453
1	3523
1	3539
1	3589
1	3723
1	3895
1	3912
1	4233
1	4462
1	4546
1	4677
1	4691
1	4824
1	4895
1	5345
1	5411
1	5412
1	5448
1	5569
1	5601
1	5691
1	5729
1	5817
1	5822
1	5887
1	5922
1	5923
1	5925
1	5947
1	5951
1	5973
1	5974
1	6016
1	6022
1	6056
1	6147
1	6148
1	6193
1	6201
1	6714
1	7086
1	7838
1	9812
1	9819
1	9824
1	10858
1	11440
1	11542
1	11934
1	14087
1	14096
1	14108
1	14118
2	2
2	3
2	6
2	8
2	9
2	10
2	13
2	16
2	20
2	24
2	25
2	35
2	44
2	46
2	61
2	63
2	64
2	74
2	75
2	81
2	83
2	92
2	119
2	131
2	144
2	169
2	201
2	206
2	234
2	236
2	252
2	286
2	361
2	363
2	404
2	415
2	416
2	458
2	459
2	460
2	536
2	668
2	692
2	857
2	864
2	882
2	886
2	993
2	1102
2	1172
2	1212
2	1345
2	1346
2	1909
2	1931
2	2047
2	2163
2	2412
2	2430
2	2553
2	2554
2	2702
2	2839
2	2984
2	2987
2	2988
2	2992
2	3082
2	3125
2	3127
2	3175
2	3511
2	3512
2	3541
2	3838
2	4327
2	4419
2	4556
2	4681
2	4702
2	4734
2	4752
2	4807
2	4846
2	4877
2	4882
2	4919
2	5336
2	5691
2	5820
2	5890
2	5894
2	5899
2	5928
2	5929
2	5983
2	5993
2	6112
2	6113
2	6397
2	9332
2	11436
2	11472
3	1
3	4
3	6
3	8
3	11
3	14
3	20
3	22
3	25
3	26
3	80
3	111
3	161
3	236
3	399
3	441
3	455
3	577
3	655
3	693
3	1179
3	1222
3	3232
3	3340
3	3912
3	4246
3	4281
3	4631
3	4643
3	5748
3	5751
3	5754
3	5758
3	5760
3	5763
3	5938
3	5947
3	7335
3	11638
5	1
5	6
5	11
5	80
5	129
5	325
5	1641
5	3741
5	4039
5	5585
6	5
6	11
6	14
6	25
6	26
6	71
6	80
6	84
6	111
6	144
6	161
6	236
6	343
6	441
6	445
6	577
6	685
6	1236
6	1268
6	2637
6	2652
6	3082
6	3340
6	3341
6	3912
6	4181
6	4281
6	4631
6	5379
6	5744
6	5746
6	5750
6	5753
6	5756
6	5759
6	5762
6	5947
6	6010
6	6102
6	11437
6	14463
7	1
7	6
7	11
7	27
7	48
7	80
7	125
7	161
7	295
7	5585
7	5640
7	6635
8	2
8	8
8	1284
8	5841
9	1
9	2
9	4
9	5
9	8
9	10
9	15
9	35
9	46
9	73
9	74
9	80
9	106
9	112
9	117
9	147
9	153
9	227
9	236
9	242
9	253
9	262
9	385
9	442
9	465
9	672
9	1112
9	2876
9	3082
9	4454
9	5925
10	1
10	11
10	13
10	20
10	24
10	36
10	40
10	54
10	91
10	100
10	138
10	229
10	512
10	527
10	681
10	3112
10	11949
10	14120
11	8
11	9
11	10
11	22
11	26
11	119
11	139
11	1909
11	3722
11	3981
11	5516
11	5604
11	5935
11	6640
12	6250
13	1
13	2
13	8
13	9
13	73
13	119
13	147
13	242
13	295
13	385
13	536
13	3722
13	4051
14	1
14	5
14	8
14	9
14	22
14	63
14	64
14	80
14	108
14	144
14	1596
14	1659
14	5890
14	5894
14	5899
15	8
15	75
16	36
16	122
16	1352
16	4281
17	1
17	5546
19	1
19	2
19	11
19	21
19	73
19	84
19	828
19	1037
19	1079
19	1152
19	2059
19	2967
19	3110
19	3391
19	4157
19	4160
19	4311
19	4340
19	4425
19	4728
19	5198
19	5302
19	5523
19	5802
19	5804
19	5814
19	6199
19	6245
19	11542
20	8
20	119
20	147
21	147
21	3539
22	1
22	9
22	11
22	20
22	74
22	3340
22	3981
22	6203
22	11437
24	8
24	9
24	10
24	22
24	83
24	139
24	227
24	332
24	979
24	2727
24	3341
24	3939
24	4256
24	5135
24	5269
24	6250
24	6442
25	1
25	4
25	5
25	8
25	9
25	11
25	13
25	14
25	20
25	26
25	64
25	80
25	217
25	334
25	415
25	2987
25	3541
25	5167
25	5569
25	5672
25	5711
25	5928
25	5929
25	6112
25	9332
25	12989
26	25
26	36
26	141
26	166
26	233
26	302
26	671
26	957
26	1179
26	3465
26	4462
26	5527
26	5528
26	5539
26	5946
26	6102
27	1
27	7
27	67
27	125
28	14
28	30
28	36
28	122
28	161
28	3912
28	4281
29	52
31	8
31	92
33	13
33	20
33	24
33	5993
35	8
35	9
35	44
35	96
35	201
37	8
37	9
37	10
37	13
37	20
37	65
37	101
37	1259
37	2412
37	3838
37	5596
37	5598
39	13
39	21
39	39
39	2967
41	4
41	8
41	9
41	10
41	11
41	13
41	14
41	20
41	22
41	80
41	133
41	886
41	1092
41	1212
41	3341
42	30
42	97
42	122
42	1118
42	1352
43	9
43	15
43	229
43	4631
43	4738
43	5893
43	5898
44	1
44	9
44	13
44	35
44	46
44	58
44	1304
44	3794
44	4895
44	5922
45	11
45	12
45	3363
46	8
46	13
46	15
46	35
46	46
46	112
47	10
47	13
47	20
47	1931
47	2727
49	8
49	9
49	11
49	13
49	14
49	20
49	25
49	35
49	36
49	99
49	122
49	438
49	2984
49	3082
49	3794
49	6113
51	25
51	1419
51	3740
58	8
58	9
58	234
58	4734
61	9
61	13
61	16
61	255
62	11
62	13
62	20
62	77
62	86
62	179
62	2163
63	13
63	14
63	46
63	75
63	128
63	269
63	1064
63	3691
63	4121
63	11435
64	3
64	8
64	9
64	13
64	20
64	22
64	25
64	63
64	108
64	144
64	169
64	352
64	11355
65	1
65	10
65	13
65	14
65	20
65	22
65	55
65	78
65	661
65	979
65	2218
65	2553
65	2737
65	5820
66	13
66	21
66	4157
66	4160
66	4432
66	4728
68	117
68	13378
73	13
73	20
73	2430
74	9
74	1269
74	4631
74	4691
75	8
75	9
75	13
75	25
75	29
75	43
75	46
75	63
78	13
78	20
78	3512
79	13
79	20
79	25
79	166
79	3511
80	1
80	6
80	7
80	27
80	33
80	94
80	97
80	129
80	325
80	343
80	1641
80	3741
80	4039
82	13
82	20
82	25
82	1179
82	2839
83	10
83	1209
84	1
84	1548
85	25
85	231
85	279
85	352
86	11
86	14
87	120
91	10
91	26
91	42
91	139
91	264
91	332
91	4462
92	5
92	80
92	85
92	1236
93	4
93	5
93	55
93	80
93	111
93	3892
96	1
96	1222
97	13
97	20
97	42
97	302
97	957
97	2291
97	3125
99	13
99	20
99	864
100	10
100	2876
101	8
101	9
101	234
101	9332
103	13
103	29
104	8
104	81
106	1
106	1168
109	11
109	100
109	138
112	8
112	63
116	4
116	5
116	80
116	577
117	1
117	20
117	119
117	199
117	1168
117	5382
117	12215
118	4
118	5
118	11
118	68
118	80
118	85
118	111
118	117
118	231
118	236
118	279
118	3506
118	11437
120	13
120	20
120	4681
123	13
123	20
123	25
123	233
123	2047
125	22
125	126
125	399
126	1
126	125
128	55
128	6138
128	6139
129	13
129	341
129	448
129	4432
129	4574
129	5859
129	11356
130	4
130	5
130	9
130	35
130	80
130	144
130	655
130	3794
131	13
131	39
132	1
132	67
133	8
133	9
133	993
134	170
134	315
135	13
135	20
135	21
135	1152
135	2988
136	10
136	5269
138	10
138	22
138	26
138	139
139	11
139	100
139	138
141	11
141	101
141	966
141	4424
143	5
143	16
143	65
143	101
143	364
143	445
143	966
144	8
144	35
144	119
144	242
146	1371
146	2734
148	4
148	5
148	13
148	20
148	30
148	80
148	2702
148	3912
149	1
149	30
149	36
149	122
149	1352
151	1419
151	3740
152	14
152	49
156	13
156	5809
156	13425
157	60
157	162
157	4233
158	1
158	24
158	36
158	311
158	417
160	27
160	48
161	26
161	5167
163	13
163	5983
164	42
164	332
169	9
169	438
170	147
170	3089
173	4
173	11
173	229
173	685
173	693
177	1755
177	5330
177	5717
183	13
183	20
183	25
183	141
183	2554
188	13
188	20
188	2992
195	55
195	5681
195	6062
197	4
197	8
197	80
197	236
197	3232
199	231
201	13
201	46
206	8
206	131
206	342
212	147
212	442
217	8
217	9
217	692
221	8
221	1172
222	11
222	84
226	5
226	71
229	10
229	1209
229	3939
229	4688
229	6022
229	6025
229	6251
229	6252
229	6253
234	8
234	9
234	58
234	101
234	3294
234	5928
235	13
235	341
236	1159
241	14
241	60
245	12
245	5844
248	11
248	4424
251	1
251	22
251	25
251	108
251	11355
252	8
252	9
252	252
254	4
254	11
254	80
254	1179
255	8
255	61
256	22
256	126
263	4
263	5
263	8
263	80
263	441
263	1102
267	8
267	668
269	55
269	416
269	2737
269	3892
269	5980
270	13
270	128
275	636
279	9
279	4691
281	7836
282	5311
283	33
283	97
286	13
286	39
288	8
288	9
288	25
288	83
288	169
288	4419
294	262
294	442
297	42
297	155
302	1
302	11
302	6114
311	1
311	5
311	11
311	26
311	80
311	417
311	5379
315	170
315	750
320	33
320	94
320	97
320	343
320	5824
325	4
325	80
325	1222
329	1
329	6023
330	242
330	672
337	27
337	295
337	438
341	13
341	448
342	5
342	33
342	80
342	94
342	97
342	343
343	8
343	15
343	35
343	112
343	342
343	3723
343	3895
344	55
344	5980
345	1
345	4442
348	105
348	4851
348	5888
348	5897
350	162
350	165
350	5973
354	9
354	85
354	111
354	118
354	5345
360	8
360	206
361	8
361	35
361	286
361	342
362	8
362	361
363	8
363	459
364	8
364	363
365	8
365	16
365	101
365	364
365	1346
387	242
387	442
388	10
388	5135
390	4
390	80
390	126
390	399
404	8
404	404
407	13
407	20
407	25
407	671
407	3127
407	3465
416	13
416	40
416	269
416	681
430	1
430	931
430	3741
441	1
441	5
441	80
441	3082
441	3340
445	80
445	234
447	9
447	111
447	279
447	281
448	13
448	11356
455	3
455	13
458	13
458	14
458	39
458	460
459	13
459	39
460	13
460	365
463	1
463	78
463	3506
469	5
469	84
493	5
493	8
493	80
493	2637
493	2652
493	3175
506	302
506	5528
511	1
511	1659
522	13
522	20
522	864
526	106
526	672
542	97
542	1118
544	1
544	6
544	11
544	80
544	5585
559	147
559	672
568	1
568	13
568	921
570	55
570	6062
579	10
579	4424
579	5118
579	5119
582	10
582	5598
591	13
591	1064
597	4
597	3232
605	10
605	416
606	302
606	5527
620	117
630	10
630	4424
631	1
631	74
631	197
632	27
632	5640
632	5831
636	9
636	96
641	8
641	416
655	13
655	20
655	25
655	119
655	144
655	385
666	680
668	1172
668	5345
672	673
677	13
677	39
680	8
680	9
680	11
680	47
680	4877
681	10
681	416
692	8
692	9
692	4877
695	4
695	4643
704	7
704	27
705	8
705	112
705	342
705	458
729	12452
780	5659
787	13
787	20
787	2839
794	615
794	1096
811	11
811	5627
821	21
821	3391
828	5311
831	864
831	1678
842	2097
856	21
856	2967
856	3110
857	3
857	13
857	20
857	25
882	8
882	10
890	9
890	890
900	6
900	4039
916	24
916	3112
921	8
921	9
921	415
931	14
931	1024
944	1
944	2637
979	33
979	94
979	97
979	343
979	5688
979	5824
993	8
993	9
993	4702
993	4846
993	4882
1005	9
1005	65
1024	1
1024	1051
1033	10
1033	5118
1037	8
1037	9
1037	1909
1050	4
1050	5
1050	8
1050	9
1050	80
1050	1212
1050	4631
1051	11
1051	3263
1063	10
1063	11
1063	1092
1092	1037
1092	4425
1094	111
1094	577
1101	3291
1102	9
1102	188
1103	11
1103	105
1103	119
1103	295
1118	14
1118	42
1118	109
1118	155
1118	2291
1127	22
1127	48
1134	13
1134	882
1137	170
1137	315
1137	750
1149	1259
1153	9
1153	69
1157	4
1157	5
1157	30
1157	80
1157	1352
1157	4281
1165	4
1165	25
1165	80
1172	5
1172	80
1172	1236
1172	5345
1179	11
1179	3765
1185	2
1185	13
1185	119
1185	857
1185	3722
1185	5841
1187	13
1187	4121
1197	11
1197	6224
1204	2
1204	1284
1209	11
1209	229
1209	685
1209	5744
1209	5746
1209	5750
1209	5753
1209	5756
1209	5759
1209	5762
1212	8
1212	9
1212	692
1222	14830
1228	13
1228	35
1229	21
1229	4340
1230	13
1230	13425
1236	345
1240	3419
1269	9
1269	251
1271	5
1271	685
1279	8
1279	4556
1300	1
1300	20
1300	921
1300	4807
1302	1
1302	11
1302	3506
1304	14
1304	1268
1328	2222
1328	11481
1344	8
1344	1345
1346	8
1346	15
1346	342
1346	460
1352	16
1352	101
1352	364
1353	1
1353	11
1384	1
1384	1596
1449	242
1449	1978
1528	33
1528	5688
1635	13
1635	20
1635	886
1636	13
1636	20
1636	2163
1637	13
1637	20
1637	6113
1638	13
1638	20
1638	2984
1639	13
1639	20
1639	3125
1640	13
1640	20
1640	6112
1641	13
1641	20
1641	2987
1642	13
1642	20
1642	2412
1643	13
1643	20
1643	2988
1644	13
1644	20
1644	3127
1645	13
1645	20
1645	2047
1646	13
1646	20
1646	1931
1647	13
1647	20
1647	2430
1647	5336
1648	13
1648	20
1648	3511
1649	13
1649	20
1649	2702
1650	13
1650	20
1650	2553
1651	13
1651	20
1651	2992
1652	13
1652	20
1652	3512
1653	13
1653	20
1653	2554
1656	42
1656	264
1693	11
1693	5578
1736	442
1736	465
1762	385
1762	442
1817	1755
1817	5330
1817	5717
1909	120
1977	242
1977	1978
2066	12453
2166	302
2166	5951
2191	32
2191	80
2220	14
2220	3453
2265	14
2265	166
2315	1
2315	2582
2315	11811
2320	25
2320	5729
2353	1367
2354	5822
2355	1368
2378	302
2378	6102
2411	3058
2430	101
2430	3294
2442	21
2442	6199
2470	5830
2505	14
2505	7086
2512	1
2512	11
2512	5711
2512	6114
2532	9
2532	740
2553	9
2553	5173
2613	27
2613	161
2637	1
2637	230
2647	5935
2693	14
2693	954
2730	5817
2737	11
2737	162
2737	350
2737	5974
2743	3800
2743	11475
2798	11
2798	26
2798	3167
2798	5672
2939	10
2939	5119
2987	6
2987	1641
2987	3741
2999	41
2999	5887
3023	342
3023	3895
3063	5601
3063	6201
3078	14
3078	1035
3090	8
3090	9
3090	3838
3150	153
3150	442
3175	9
3175	1269
3193	11
3193	12
3193	3363
3193	5695
3193	5844
3227	11
3227	5636
3240	6635
3263	11
3263	73
3263	1079
3263	5198
3283	10
3283	6442
3306	21
3306	4311
3356	1
3356	4309
3360	9
3360	870
3410	13
3410	3691
3453	11
3453	3589
3506	1
3506	78
3506	661
3539	121
3539	155
3541	8
3541	9
3541	3541
3561	6143
3620	14
3620	60
3657	11
3657	13
3657	5818
3657	13309
3688	54
3688	229
3793	1
3793	5546
3794	20
3794	122
3798	3633
3862	110
3862	5869
3880	66
3880	3523
3892	9
3892	344
3912	4
3912	5
3912	25
3912	80
3939	11
3939	229
3939	5744
3943	5
3943	14
3943	3341
3972	4
3972	5
3972	10
3972	80
3972	3340
3972	4462
4085	615
4085	1096
4115	1
4115	4324
4121	55
4121	6024
4121	6025
4146	11
4146	13
4146	5809
4146	5818
4184	1
4184	5854
4232	342
4232	3723
4250	3800
4250	11475
4256	13
4256	43
4272	5
4272	4181
4272	6010
4281	4
4281	5
4281	80
4281	5947
4294	8
4294	4327
4302	1302
4327	13
4327	1081
4332	117
4332	255
4332	4454
4332	4732
4390	25
4390	5539
4419	83
4419	6250
4421	25
4421	42
4421	666
4421	4462
4442	22
4442	118
4454	5
4454	1268
4478	1
4478	9
4478	74
4478	1112
4478	1187
4494	9
4494	1228
4501	13
4501	43
4556	8
4556	4752
4575	11
4575	5411
4575	5412
4618	5
4618	5744
4619	5
4619	5753
4620	5
4620	5750
4633	5
4633	5762
4652	15
4652	105
4652	4688
4652	4824
4652	4932
4652	6022
4666	64
4666	5569
4677	8
4677	9
4677	119
4677	4051
4677	4734
4688	5
4688	229
4688	4738
4688	5759
4691	9
4691	944
4700	8
4700	9
4700	4846
4702	105
4702	4851
4735	13
4735	20
4735	4681
4738	33
4738	6022
4752	13
4752	1081
4807	13
4807	921
4823	122
4823	4677
4824	15
4824	4932
4846	105
4846	5888
4851	15
4851	5893
4874	1
4874	266
4874	1300
4874	5925
4877	8
4877	9
4877	4882
4882	105
4882	5897
4895	13
4895	5925
4895	6148
4916	4677
4916	5569
4919	55
4919	6024
4927	55
4927	6138
4932	8
4932	4919
5167	4
5167	5
5167	14
5167	30
5167	80
5167	161
5172	9
5172	5173
5200	11
5200	5800
5223	4
5223	11
5223	229
5223	5758
5223	5759
5239	5516
5301	21
5301	5302
5335	9
5335	13
5335	20
5335	5336
5335	5691
5338	10
5338	5596
5345	231
5345	279
5378	9
5378	111
5378	118
5378	5345
5379	11
5379	26
5382	85
5382	117
5382	231
5382	279
5382	13378
5427	11
5427	13
5427	13309
5447	5448
5450	1
5450	5460
5512	262
5512	672
5522	21
5522	5523
5552	6250
5578	5604
5600	5601
5600	6201
5673	55
5673	5681
5688	9
5688	33
5688	42
5688	5699
5689	12
5689	5695
5691	5692
5691	5694
5693	5692
5693	5694
5694	5693
5694	11433
5700	33
5700	5699
5701	42
5701	5699
5702	9
5702	5699
5745	4
5745	11
5745	229
5745	4246
5745	5746
5747	5
5747	5746
5749	4
5749	11
5749	229
5749	5748
5749	5750
5752	4
5752	11
5752	229
5752	5751
5752	5753
5755	4
5755	11
5755	229
5755	5754
5755	5756
5757	5
5757	5756
5761	4
5761	11
5761	229
5761	5760
5761	5762
5764	4
5764	5763
5766	11
5766	5768
5776	3167
5776	6453
5801	21
5801	5802
5803	21
5803	5804
5809	11
5809	5810
5813	21
5813	5814
5818	21
5818	828
5818	6245
5841	253
5841	442
5868	110
5868	5869
5889	8
5889	9
5889	5890
5892	8
5892	9
5892	4702
5893	8
5893	9
5893	5894
5897	15
5897	5898
5898	8
5898	9
5898	5899
5921	20
5921	6250
5922	58
5922	5923
5923	6148
5928	8
5928	9
5928	5929
5931	25
5931	42
5946	22
5946	48
5947	1
5947	4
5947	25
5947	5938
5947	5946
5983	20
5983	100
5993	20
5993	24
6006	14463
6007	5
6007	80
6007	14463
6010	4181
6016	181
6016	259
6016	6016
6019	85
6023	1
6023	6023
6024	55
6024	6025
6026	6251
6026	6253
6055	4
6055	9
6055	11
6055	80
6055	6056
6055	7335
6055	11638
6056	11
6056	6057
6103	5
6103	80
6103	6102
6140	55
6140	6139
6143	4546
6143	6147
6156	10
6156	352
6156	4256
6194	6193
6202	6203
6235	1371
6235	2734
6244	14
6244	33
6249	20
6249	6250
6250	8
6250	9
6250	4419
6251	6025
6251	6252
6397	6398
6442	1
6442	6231
6452	3167
6452	6453
6581	11
6581	6582
6641	6640
6676	2222
6676	11481
6715	24
6715	527
6723	6714
6749	9824
6893	111
6893	222
7118	24
7118	512
7836	8
7836	11472
7838	13
7838	6397
8604	12095
8639	12096
9811	9812
9815	14
9815	180
9818	9819
9820	91
9820	512
10905	5659
10905	5831
11355	22
11355	568
11356	13
11356	4574
11356	5859
11432	5693
11432	11433
11434	5
11434	13
11434	80
11434	11435
11434	11437
11435	8
11435	11436
11436	55
11436	11453
11439	58
11439	11440
11453	1
11453	2582
11453	11811
11472	9
11472	7838
11519	58
11519	571
11541	21
11541	84
11541	11542
11811	1
11811	6
11811	129
11929	11934
11948	100
11948	11949
12214	5382
12214	12215
12448	132
12448	10858
12988	26
12988	12989
12989	33
12989	47
13309	21
13309	2059
13378	68
13378	231
14086	22
14086	14087
14095	22
14095	14096
14097	11
14097	805
14107	22
14107	14108
14117	14118
14119	91
14119	14120
14818	32
14818	80
14830	6
14830	325
